{
 "asset" : {
  "generator" : "Generated by Pixyz Studio 2022.1",
  "version" : "2.0"},
 "nodes" : [
  {
   "name" : "C00000022335_(14466581_O-RING___139_X_4_609_247_7)_52",
   "matrix" : [
    0,
    0,
    -1000,
    0,
    -999.999999986292,
    0.005235987756,
    0,
    0,
    0.005235987756,
    999.999999986292,
    0,
    0,
    296.998308372853,
    99.847594506862,
    -595.501065254,
    1],
   "mesh" : 0},
  {
   "name" : "CA00AAA61436_(5167749_PISTON)_57",
   "matrix" : [
    0.00087348762,
    -1000.000119227281,
    0.006198883,
    0,
    0.006198914989,
    0.006109443543,
    1000.000119209,
    0,
    -1000.000119227749,
    -0.00096289462,
    0.006109476,
    0,
    296.998365007799,
    122.04759777287,
    -595.501124859,
    1],
   "mesh" : 1},
  {
   "name" : "CA00AAA21465_(4966243_PLATE__BEARING_ADJUSTER_RETAINING)_58",
   "matrix" : [
    -932.576060298349,
    0.001801852833,
    360.972762108,
    0,
    -360.972791927197,
    -0.002339289881,
    -932.576298714,
    0,
    -0.000835945756,
    -1000.000000009331,
    0.002831987,
    0,
    288.821745502602,
    -116.002440253713,
    -624.969363213,
    1],
   "mesh" : 2},
  {
   "name" : "CA00AAA21464_(562659_PLATE__BEARING_RING_NUT)_59",
   "matrix" : [
    0.003060417508,
    999.999761578683,
    -0.004172324,
    0,
    360.973835010863,
    0.00284851442,
    932.576060295,
    0,
    932.576060284401,
    -0.004465723833,
    -360.973656178,
    0,
    278.323681872029,
    -119.202491608024,
    -649.322390556,
    1],
   "mesh" : 3},
  {
   "name" : "CA00AAA25589_(4997451_DISC__PINION_CASING_SEAL)_69",
   "matrix" : [
    0.006111462,
    -0.000000013,
    1000.000238419,
    0,
    1000.000000017969,
    0.000813874244,
    -0.00611146,
    0,
    -0.000813874492,
    999.999761598969,
    0.000000018,
    0,
    296.998798842067,
    -0.001719575074,
    -367.750823498,
    1],
   "mesh" : 4},
  {
   "name" : "CA00AAA25627_(5135294_SEAL__DOUBLE_LIP__45X75X12)_6a",
   "matrix" : [
    999.999642374131,
    -0.002211055884,
    -0.003039836,
    0,
    -0.003039870793,
    -0.006644914083,
    -999.999821186,
    0,
    0.002211036444,
    999.999940397131,
    -0.006644921,
    0,
    296.998769039975,
    -0.001737276918,
    -373.750835657,
    1],
   "mesh" : 5},
  {
   "name" : "CA00AAA89291_(26799950_BKDN1)_6c",
   "mesh" : 6},
  {
   "name" : "CA00AAA89292_(26799950_BKDN2)_6d",
   "mesh" : 7},
  {
   "name" : "CA00AAA89293_(26799950_BKDN3)_6e",
   "mesh" : 8},
  {
   "name" : "CA00AAA89294_(26799950_BKDN4)_(1)_6f",
   "mesh" : 9},
  {
   "name" : "CA00AAA89294_(26799950_BKDN4)_(2)_70",
   "matrix" : [
    0.999999761581,
    -0.000004954104,
    0.000005841212,
    0,
    0.000006729675,
    0.932470262051,
    -0.361246645451,
    0,
    -0.000003657103,
    0.361246645451,
    0.932470262051,
    0,
    0,
    0,
    0,
    1],
   "mesh" : 10},
  {
   "name" : "CA00AAA89294_(26799950_BKDN4)_(3)_71",
   "matrix" : [
    0.999999582767,
    -0.00000437053,
    0.000006072466,
    0,
    0.000007320867,
    0.73900526762,
    -0.673699676991,
    0,
    -0.00000154316,
    0.673699617386,
    0.739005208015,
    0,
    0,
    0,
    0,
    1],
   "mesh" : 11},
  {
   "name" : "CA00AAA89294_(26799950_BKDN4)_(4)_72",
   "matrix" : [
    1.000000119209,
    -0.000003733845,
    0.000006039113,
    0,
    0.000007070306,
    0.445733815432,
    -0.89516544342,
    0,
    0.000000650573,
    0.895165383816,
    0.445733785629,
    0,
    0,
    0,
    0,
    1],
   "mesh" : 12},
  {
   "name" : "CA00AAA89294_(26799950_BKDN4)_(5)_73",
   "matrix" : [
    0.999999761581,
    -0.000003104624,
    0.00000474882,
    0,
    0.00000501501,
    0.092263929546,
    -0.995734512806,
    0,
    0.000002653238,
    0.995734572411,
    0.092263936996,
    0,
    0,
    0,
    0,
    1],
   "mesh" : 13},
  {
   "name" : "CA00AAA89294_(26799950_BKDN4)_(6)_74",
   "matrix" : [
    0.999999642372,
    -0.000003215028,
    0.000001662193,
    0,
    0.000000718901,
    -0.273664444685,
    -0.96182513237,
    0,
    0.000003547179,
    0.96182513237,
    -0.273664444685,
    0,
    0,
    0,
    0,
    1],
   "mesh" : 14},
  {
   "name" : "CA00AAA89294_(26799950_BKDN4)_(7)_75",
   "matrix" : [
    0.999999463558,
    -0.000003573104,
    0.000001389417,
    0,
    -0.000001044499,
    -0.602634847164,
    -0.798016965389,
    0,
    0.00000368871,
    0.798016905785,
    -0.60263478756,
    0,
    0,
    0,
    0,
    1],
   "mesh" : 15},
  {
   "name" : "CA00AAA89294_(26799950_BKDN4)_(8)_76",
   "matrix" : [
    1.000000119209,
    -0.000001931826,
    0.000004987426,
    0,
    0.000000983048,
    -0.850219249725,
    -0.526428759098,
    0,
    0.000005257372,
    0.526428639889,
    -0.850219070911,
    0,
    0,
    0,
    0,
    1],
   "mesh" : 16},
  {
   "name" : "CA00AAA89294_(26799950_BKDN4)_(9)_77",
   "matrix" : [
    0.999999821186,
    -0.000003541785,
    0.000002402519,
    0,
    -0.000003040026,
    -0.982973456383,
    -0.183746948838,
    0,
    0.000003012406,
    0.183746963739,
    -0.982973575592,
    0,
    0,
    0,
    0,
    1],
   "mesh" : 17},
  {
   "name" : "CA00AAA89294_(26799950_BKDN4)_(10)_78",
   "matrix" : [
    0.999999701977,
    -0.000005599516,
    0.000000887039,
    0,
    -0.000005667168,
    -0.982972919941,
    0.183750212193,
    0,
    -0.000000156977,
    -0.183750197291,
    -0.982972800732,
    0,
    0,
    0,
    0,
    1],
   "mesh" : 18},
  {
   "name" : "CA00AAA89294_(26799950_BKDN4)_(11)_79",
   "matrix" : [
    0.999999761581,
    -0.000003094464,
    0.00000298621,
    0,
    -0.000004203008,
    -0.850214719772,
    0.52643597126,
    0,
    0.000000909883,
    -0.526435911655,
    -0.850214600563,
    0,
    0,
    0,
    0,
    1],
   "mesh" : 19},
  {
   "name" : "CA00AAA89294_(26799950_BKDN4)_(12)_7a",
   "matrix" : [
    0.999999701977,
    -0.000002808307,
    0.000003097543,
    0,
    -0.000004164276,
    -0.602631986141,
    0.798018991947,
    0,
    -0.000000374404,
    -0.798019170761,
    -0.60263210535,
    0,
    0,
    0,
    0,
    1],
   "mesh" : 20},
  {
   "name" : "CA00AAA89294_(26799950_BKDN4)_(13)_7b",
   "matrix" : [
    0.999999821186,
    0.000001434554,
    0.000003646994,
    0,
    -0.0000031152,
    -0.273658543825,
    0.961826980114,
    0,
    0.000002377824,
    -0.961826860905,
    -0.273658514023,
    0,
    0,
    0,
    0,
    1],
   "mesh" : 21},
  {
   "name" : "CA00AAA89294_(26799950_BKDN4)_(14)_7c",
   "matrix" : [
    0.999999701977,
    -0.000003758622,
    0.000003058863,
    0,
    -0.000002699,
    0.092271439731,
    0.995733857155,
    0,
    -0.000004024834,
    -0.995733857155,
    0.092271439731,
    0,
    0,
    0,
    0,
    1],
   "mesh" : 22},
  {
   "name" : "CA00AAA89294_(26799950_BKDN4)_(15)_7d",
   "matrix" : [
    0.999999940395,
    -0.000004210366,
    0.000003303755,
    0,
    -0.000001080661,
    0.445741415024,
    0.895161926746,
    0,
    -0.00000524158,
    -0.895161926746,
    0.445741415024,
    0,
    0,
    0,
    0,
    1],
   "mesh" : 23},
  {
   "name" : "CA00AAA89294_(26799950_BKDN4)_(16)_7e",
   "matrix" : [
    0.999999821186,
    -0.000001888548,
    0.000002523174,
    0,
    -0.000000304187,
    0.739010989666,
    0.673693239689,
    0,
    -0.000003136956,
    -0.673693299294,
    0.739011049271,
    0,
    0,
    0,
    0,
    1],
   "mesh" : 24},
  {
   "name" : "CA00AAA89294_(26799950_BKDN4)_(17)_7f",
   "matrix" : [
    0.999999821186,
    -0.000002452511,
    0.00000263282,
    0,
    0.000001335824,
    0.932473242283,
    0.361238837242,
    0,
    -0.000003340977,
    -0.361238867044,
    0.932473301888,
    0,
    0,
    0,
    0,
    1],
   "mesh" : 25},
  {
   "name" : "CA00AAA25573_(26799950_BEARING__ROLLER__TAPERED__35X72X18_25)_6b",
   "matrix" : [
    0.006111462,
    -0.000000013,
    1000.000238419,
    0,
    1000.000000017969,
    0.000813874244,
    -0.00611146,
    0,
    -0.000813874492,
    999.999761598969,
    0.000000018,
    0,
    296.998679632488,
    -0.00183021545,
    -405.250817537,
    1],
   "children" : [
    6,
    7,
    8,
    9,
    10,
    11,
    12,
    13,
    14,
    15,
    16,
    17,
    18,
    19,
    20,
    21,
    22,
    23,
    24,
    25]},
  {
   "name" : "CA00AAA25628_(5142026_SEAL__RING__BEVEL_PINION)_80",
   "matrix" : [
    0.006111462,
    -0.000000013,
    1000.000238419,
    0,
    1000.000000017969,
    0.000813874244,
    -0.00611146,
    0,
    -0.000813874492,
    999.999761598969,
    0.000000018,
    0,
    296.99879884211,
    -0.001711461074,
    -365.000844002,
    1],
   "mesh" : 26},
  {
   "name" : "CA00AAA00551_(5143109_1)_(1)_82",
   "mesh" : 27},
  {
   "name" : "CA00AAA00551_(5143109_1)_(2)_83",
   "matrix" : [
    1.000000238419,
    0.000004848211,
    -0.000005628875,
    0,
    -0.000006481032,
    0.939691066742,
    -0.342024385929,
    0,
    0.000003631197,
    0.342024356127,
    0.939691007137,
    0,
    0,
    0,
    0,
    1],
   "mesh" : 28},
  {
   "name" : "CA00AAA00551_(5143109_1)_(3)_84",
   "matrix" : [
    0.999999344349,
    0.000004240042,
    -0.000005630783,
    0,
    -0.000006867469,
    0.76604115963,
    -0.642791330814,
    0,
    0.000001587951,
    0.642791330814,
    0.766041219234,
    0,
    0,
    0,
    0,
    1],
   "mesh" : 29},
  {
   "name" : "CA00AAA00551_(5143109_1)_(4)_85",
   "matrix" : [
    0.999999701977,
    0.000002579752,
    -0.000001363498,
    0,
    -0.000002470699,
    0.499999016523,
    -0.866025924683,
    0,
    -0.000001552385,
    0.866025924683,
    0.499999016523,
    0,
    0,
    0,
    0,
    1],
   "mesh" : 30},
  {
   "name" : "CA00AAA00551_(5143109_1)_(5)_86",
   "matrix" : [
    0.999999761581,
    0.000003166852,
    -0.000004647179,
    0,
    -0.000005126486,
    0.173643633723,
    -0.984808444977,
    0,
    -0.00000231179,
    0.984808504581,
    0.173643648624,
    0,
    0,
    0,
    0,
    1],
   "mesh" : 31},
  {
   "name" : "CA00AAA00551_(5143109_1)_(6)_87",
   "matrix" : [
    0.999999761581,
    0.000003166861,
    -0.000001402701,
    0,
    -0.000000831467,
    -0.173649415374,
    -0.984807431698,
    0,
    -0.000003362328,
    0.984807431698,
    -0.173649415374,
    0,
    0,
    0,
    0,
    1],
   "mesh" : 32},
  {
   "name" : "CA00AAA00551_(5143109_1)_(7)_88",
   "matrix" : [
    0.999999701977,
    0.000002579742,
    -0.000004686379,
    0,
    -0.000002768629,
    -0.500004470348,
    -0.866022825241,
    0,
    -0.000004577327,
    0.866022765636,
    -0.500004470348,
    0,
    0,
    0,
    0,
    1],
   "mesh" : 33},
  {
   "name" : "CA00AAA00551_(5143109_1)_(8)_89",
   "matrix" : [
    0.999999463558,
    0.000004240058,
    -0.000000419102,
    0,
    0.000002978684,
    -0.766044974327,
    -0.642786622047,
    0,
    -0.000003046505,
    0.642786502838,
    -0.766044914722,
    0,
    0,
    0,
    0,
    1],
   "mesh" : 34},
  {
   "name" : "CA00AAA00551_(5143109_1)_(9)_8a",
   "matrix" : [
    1.000000357628,
    0.000004848228,
    -0.000000421017,
    0,
    0.00000441185,
    -0.939693212509,
    -0.342018634081,
    0,
    -0.00000205381,
    0.342018544674,
    -0.939692974091,
    0,
    0,
    0,
    0,
    1],
   "mesh" : 35},
  {
   "name" : "CA00AAA00551_(5143109_1)_(10)_8b",
   "matrix" : [
    1.000000238419,
    -0.000000000018,
    -0.000006049864,
    0,
    0.000000000019,
    -1,
    0.00000611146,
    0,
    -0.000006049861,
    -0.000006111459,
    -0.999999761581,
    0,
    0,
    0,
    0,
    1],
   "mesh" : 36},
  {
   "name" : "CA00AAA00551_(5143109_1)_(11)_8c",
   "matrix" : [
    0.999999642372,
    0.000002976928,
    -0.000003058551,
    0,
    0.00000384349,
    -0.93969142437,
    0.342022866011,
    0,
    -0.000001855918,
    -0.342022866011,
    -0.939691483974,
    0,
    0,
    0,
    0,
    1],
   "mesh" : 37},
  {
   "name" : "CA00AAA00551_(5143109_1)_(12)_8d",
   "matrix" : [
    0.999999761581,
    0.000006106472,
    -0.000001588,
    0,
    0.000005698575,
    -0.766044020653,
    0.642788171768,
    0,
    0.000002708691,
    -0.642788112164,
    -0.766043961048,
    0,
    0,
    0,
    0,
    1],
   "mesh" : 38},
  {
   "name" : "CA00AAA00551_(5143109_1)_(13)_8e",
   "matrix" : [
    0.999999880791,
    -0.000000654975,
    -0.000004010955,
    0,
    0.000003146111,
    -0.499997079372,
    0.866027355194,
    0,
    -0.000002572692,
    -0.866027355194,
    -0.499997079372,
    0,
    0,
    0,
    0,
    1],
   "mesh" : 39},
  {
   "name" : "CA00AAA00551_(5143109_1)_(14)_8f",
   "matrix" : [
    0.999999761581,
    0.000000512549,
    -0.000003244736,
    0,
    0.000003284446,
    -0.173645019531,
    0.984808206558,
    0,
    -0.00000005867,
    -0.984808206558,
    -0.173645019531,
    0,
    0,
    0,
    0,
    1],
   "mesh" : 40},
  {
   "name" : "CA00AAA00551_(5143109_1)_(15)_90",
   "matrix" : [
    0.999999761581,
    0.00000051255,
    -0.000002805127,
    0,
    0.000002673505,
    0.173651143909,
    0.984807133675,
    0,
    0.000000991877,
    -0.984807193279,
    0.17365115881,
    0,
    0,
    0,
    0,
    1],
   "mesh" : 41},
  {
   "name" : "CA00AAA00551_(5143109_1)_(16)_91",
   "matrix" : [
    0.999999821186,
    -0.000000654969,
    -0.000002038903,
    0,
    0.000002093225,
    0.500002205372,
    0.866024315357,
    0,
    0.000000452237,
    -0.866024315357,
    0.500002205372,
    0,
    0,
    0,
    0,
    1],
   "mesh" : 42},
  {
   "name" : "CA00AAA00551_(5143109_1)_(17)_92",
   "matrix" : [
    0.999999701977,
    0.000006106464,
    -0.000004461897,
    0,
    -0.00000180981,
    0.766047775745,
    0.642783522606,
    0,
    0.000007343164,
    -0.642783582211,
    0.76604783535,
    0,
    0,
    0,
    0,
    1],
   "mesh" : 43},
  {
   "name" : "CA00AAA00551_(5143109_1)_(18)_93",
   "matrix" : [
    0.999999642372,
    0.000002976928,
    -0.000002991328,
    0,
    -0.000001774315,
    0.939693570137,
    0.342017203569,
    0,
    0.000003829094,
    -0.342017203569,
    0.939693629742,
    0,
    0,
    0,
    0,
    1],
   "mesh" : 44},
  {
   "name" : "CA00AAA00552_(5143109_2)_94",
   "mesh" : 45},
  {
   "name" : "CA00AAA00553_(5143109_3)_95",
   "mesh" : 46},
  {
   "name" : "CA00AAA46816_(5143109_4)_96",
   "mesh" : 47},
  {
   "name" : "CA00AAA46817_(5143109_5)_97",
   "mesh" : 48},
  {
   "name" : "CA00AAA00550_(5143109_BEARING__ROLLER__TAPERED)_81",
   "matrix" : [
    0,
    0,
    -1000,
    0,
    -999.999999986292,
    0.005235987756,
    0,
    0,
    0.005235987756,
    999.999999986292,
    0,
    0,
    296.998471015476,
    -0.002023468358,
    -470.750808716,
    1],
   "children" : [
    28,
    29,
    30,
    31,
    32,
    33,
    34,
    35,
    36,
    37,
    38,
    39,
    40,
    41,
    42,
    43,
    44,
    45,
    46,
    47,
    48,
    49]},
  {
   "name" : "CA00AAA00554_(5143242_NUT__RING__BEVEL_PINION)_98",
   "matrix" : [
    0,
    0,
    -1000,
    0,
    -999.999999986292,
    0.005235987756,
    0,
    0,
    0.005235987756,
    999.999999986292,
    0,
    0,
    296.99879884211,
    -0.001711461074,
    -365.000844002,
    1],
   "mesh" : 49},
  {
   "name" : "CA00AAA25599_(5087435_WASHER__41_4X58)_9f",
   "matrix" : [
    -999.999880793208,
    0.002196151132,
    0.000715256,
    0,
    0.002374964756,
    1000.000000001272,
    -0.003069639,
    0,
    -0.000566261477,
    -0.003337857035,
    -1000.000119209,
    0,
    296.998471015487,
    -0.002021344358,
    -470.030814409,
    1],
   "mesh" : 50},
  {
   "name" : "CA00AAA25635_(5169235_SPACER__BEVEL_PINION_BEARING)_a0",
   "matrix" : [
    0.006111462,
    -0.000000013,
    1000.000238419,
    0,
    1000.000000017969,
    0.000813874244,
    -0.00611146,
    0,
    -0.000813874492,
    999.999761598969,
    0.000000018,
    0,
    296.998679632507,
    -0.00182661545,
    -404.030799866,
    1],
   "mesh" : 51},
  {
   "name" : "CA00AAA25568_(20419320_BALL)_a1",
   "matrix" : [
    0.005176381508,
    999.999761567604,
    -0.005960463,
    0,
    0.000000031521,
    0.006020069,
    1000,
    0,
    1000.000238405292,
    -0.005235989004,
    0.000059605,
    0,
    314.173817630071,
    -0.001763793262,
    -370.300889015,
    1],
   "mesh" : 52},
  {
   "name" : "CA00AAB19283_(14454380_O-RING__REPLACED_BY_579359)_a2",
   "matrix" : [
    -999.999761583209,
    0.002196150508,
    0.005722045,
    0,
    0.002255755444,
    999.999940396896,
    -0.00295043,
    0,
    -0.005573050229,
    -0.00309941182,
    -999.999940395,
    0,
    296.998769039892,
    -0.001753094918,
    -379.111796618,
    1],
   "mesh" : 53},
  {
   "name" : "C00000005847_(14274434_BOLT__LOCK__M12X1_25X25_FULL_10_9_DAC)_(1)_af",
   "matrix" : [
    0.005295591508,
    999.99976156698,
    0,
    0,
    -0.005960466312,
    -0.000059573791,
    -1000.000238419,
    0,
    -999.999999986292,
    0.005235987756,
    0.006020069,
    0,
    261.247774998423,
    -70.002485776111,
    -657.421469688,
    1],
   "mesh" : 54},
  {
   "name" : "C00000005847_(14274434_BOLT__LOCK__M12X1_25X25_FULL_10_9_DAC)_(2)_b0",
   "matrix" : [
    0.005295591508,
    999.99976156698,
    0,
    0,
    -0.005960466312,
    -0.000059573791,
    -1000.000238419,
    0,
    -999.999999986292,
    0.005235987756,
    0.006020069,
    0,
    332.748165768485,
    -70.002279006281,
    -533.579707146,
    1],
   "mesh" : 55},
  {
   "name" : "C00000005847_(14274434_BOLT__LOCK__M12X1_25X25_FULL_10_9_DAC)_(3)_b1",
   "matrix" : [
    0.005295591508,
    999.99976156698,
    0,
    0,
    -0.005960466312,
    -0.000059573791,
    -1000.000238419,
    0,
    -999.999999986292,
    0.005235987756,
    0.006020069,
    0,
    261.248162430334,
    -70.002120700139,
    -533.579468727,
    1],
   "mesh" : 56},
  {
   "name" : "C00000005847_(14274434_BOLT__LOCK__M12X1_25X25_FULL_10_9_DAC)_(4)_b2",
   "matrix" : [
    0.005295591508,
    999.99976156698,
    0,
    0,
    -0.005960466312,
    -0.000059573791,
    -1000.000238419,
    0,
    -999.999999986292,
    0.005235987756,
    0.006020069,
    0,
    225.497981947264,
    -70.002231535632,
    -595.500349998,
    1],
   "mesh" : 57},
  {
   "name" : "C00000005847_(14274434_BOLT__LOCK__M12X1_25X25_FULL_10_9_DAC)_(5)_b3",
   "matrix" : [
    0.005295591508,
    999.99976156698,
    0,
    0,
    -0.005960466312,
    -0.000059573791,
    -1000.000238419,
    0,
    -999.999999986292,
    0.005235987756,
    0.006020069,
    0,
    332.747778336574,
    -70.002644082253,
    -657.421708107,
    1],
   "mesh" : 58},
  {
   "name" : "C00000005847_(14274434_BOLT__LOCK__M12X1_25X25_FULL_10_9_DAC)_(6)_b4",
   "matrix" : [
    0.005295591508,
    999.99976156698,
    0,
    0,
    -0.005960466312,
    -0.000059573791,
    -1000.000238419,
    0,
    -999.999999986292,
    0.005235987756,
    0.006020069,
    0,
    368.497958820605,
    -70.00254069776,
    -595.500767231,
    1],
   "mesh" : 59},
  {
   "name" : "CA00AAA21430_(26799980_1)_(1)_b6",
   "mesh" : 60},
  {
   "name" : "CA00AAA21431_(26799980_2)_(1)_b7",
   "mesh" : 61},
  {
   "name" : "CA00AAA21432_(26799980_3)_(1)_b8",
   "mesh" : 62},
  {
   "name" : "CA00AAA21433_(26799980_4)_(1)_b9",
   "mesh" : 63},
  {
   "name" : "CA00AAA21434_(26799980_5)_(1)_ba",
   "mesh" : 64},
  {
   "name" : "CA00AAA21434_(26799980_5)_(2)_bb",
   "matrix" : [
    0.999999761581,
    0.000003613466,
    0.000003452516,
    0,
    -0.000002369707,
    0.95105522871,
    -0.309020757675,
    0,
    -0.000004400171,
    0.309020787477,
    0.951055288315,
    0,
    0,
    0,
    0,
    1],
   "mesh" : 65},
  {
   "name" : "CA00AAA21434_(26799980_5)_(3)_bc",
   "matrix" : [
    0.999999880791,
    0.000002240558,
    0.000002625271,
    0,
    -0.000000269544,
    0.809015274048,
    -0.587787568569,
    0,
    -0.000003440857,
    0.587787568569,
    0.809015274048,
    0,
    0,
    0,
    0,
    1],
   "mesh" : 66},
  {
   "name" : "CA00AAA21434_(26799980_5)_(4)_bd",
   "matrix" : [
    0.999999761581,
    0.00000151946,
    0.000002535774,
    0,
    0.000001158373,
    0.587783753872,
    -0.809017896652,
    0,
    -0.000002719758,
    0.809017956257,
    0.587783753872,
    0,
    0,
    0,
    0,
    1],
   "mesh" : 67},
  {
   "name" : "CA00AAA21434_(26799980_5)_(5)_be",
   "matrix" : [
    0.999999761581,
    0.000005294306,
    0.000001948244,
    0,
    0.000000216887,
    0.309012413025,
    -0.951058030128,
    0,
    -0.000005637224,
    0.951057970524,
    0.309012383223,
    0,
    0,
    0,
    0,
    1],
   "mesh" : 68},
  {
   "name" : "CA00AAA21434_(26799980_5)_(6)_bf",
   "matrix" : [
    1.000000119209,
    0.000004817586,
    0.000003024925,
    0,
    0.000003024947,
    -0.00000488758,
    -0.999999940395,
    0,
    -0.00000481757,
    0.999999821186,
    -0.00000488758,
    0,
    0,
    0,
    0,
    1],
   "mesh" : 69},
  {
   "name" : "CA00AAA21434_(26799980_5)_(7)_c0",
   "matrix" : [
    0.999999761581,
    0.000000755567,
    0.000001948258,
    0,
    0.000002086387,
    -0.309018135071,
    -0.951056182384,
    0,
    -0.000000116539,
    0.951056182384,
    -0.309018135071,
    0,
    0,
    0,
    0,
    1],
   "mesh" : 70},
  {
   "name" : "CA00AAA21434_(26799980_5)_(8)_c1",
   "matrix" : [
    0.999999701977,
    0.000004530416,
    0.000002535765,
    0,
    0.000004714399,
    -0.587788879871,
    -0.809014260769,
    0,
    -0.000002174678,
    0.809014320374,
    -0.587788879871,
    0,
    0,
    0,
    0,
    1],
   "mesh" : 71},
  {
   "name" : "CA00AAA21434_(26799980_5)_(9)_c2",
   "matrix" : [
    1.000000119209,
    0.000003809321,
    0.000002625267,
    0,
    0.000004624898,
    -0.809018850327,
    -0.587782680988,
    0,
    -0.000000115162,
    0.587782561779,
    -0.809018731117,
    0,
    0,
    0,
    0,
    1],
   "mesh" : 72},
  {
   "name" : "CA00AAA21434_(26799980_5)_(10)_c3",
   "matrix" : [
    0.999999761581,
    0.000002436418,
    0.000003452519,
    0,
    0.000003384053,
    -0.95105701685,
    -0.309014946222,
    0,
    0.000002530654,
    0.309014976025,
    -0.951057076454,
    0,
    0,
    0,
    0,
    1],
   "mesh" : 73},
  {
   "name" : "CA00AAA21434_(26799980_5)_(11)_c4",
   "matrix" : [
    1.000000238419,
    0.000006049864,
    -0.000000000018,
    0,
    0.000006049862,
    -1,
    0.00000611146,
    0,
    0.000000000019,
    -0.000006111459,
    -0.999999761581,
    0,
    0,
    0,
    0,
    1],
   "mesh" : 74},
  {
   "name" : "CA00AAA21434_(26799980_5)_(12)_c5",
   "matrix" : [
    0.999999701977,
    0.000002330749,
    0.000003980406,
    0,
    0.00000098665,
    -0.951055586338,
    0.309019476175,
    0,
    0.000004505835,
    -0.309019446373,
    -0.951055467129,
    0,
    0,
    0,
    0,
    1],
   "mesh" : 75},
  {
   "name" : "CA00AAA21434_(26799980_5)_(13)_c6",
   "matrix" : [
    0.999999761581,
    0.000003605541,
    0.000001885425,
    0,
    0.000001808706,
    -0.809014678001,
    0.587788522243,
    0,
    0.000003644633,
    -0.587788462639,
    -0.809014558792,
    0,
    0,
    0,
    0,
    1],
   "mesh" : 76},
  {
   "name" : "CA00AAA21434_(26799980_5)_(14)_c7",
   "matrix" : [
    0.999999701977,
    0.000004103972,
    -0.00000029603,
    0,
    0.000002651736,
    -0.587781965733,
    0.809019207954,
    0,
    0.000003146192,
    -0.809019267559,
    -0.587782025337,
    0,
    0,
    0,
    0,
    1],
   "mesh" : 77},
  {
   "name" : "CA00AAA21434_(26799980_5)_(15)_c8",
   "matrix" : [
    0.999999821186,
    0.000003112237,
    0.000002473751,
    0,
    -0.000001390953,
    -0.309014558792,
    0.951057314873,
    0,
    0.000003724341,
    -0.951057434082,
    -0.309014588594,
    0,
    0,
    0,
    0,
    1],
   "mesh" : 78},
  {
   "name" : "CA00AAA21434_(26799980_5)_(16)_c9",
   "matrix" : [
    0.999999701977,
    0.000003024951,
    0.00000664492,
    0,
    -0.00000664493,
    0.000002920627,
    0.999999940395,
    0,
    0.000003024931,
    -0.999999880791,
    0.000002920627,
    0,
    0,
    0,
    0,
    1],
   "mesh" : 79},
  {
   "name" : "CA00AAA21434_(26799980_5)_(17)_ca",
   "matrix" : [
    0.999999880791,
    0.00000293764,
    0.000002473752,
    0,
    -0.000003260466,
    0.309020221233,
    0.951055467129,
    0,
    0.000002029419,
    -0.951055586338,
    0.309020251036,
    0,
    0,
    0,
    0,
    1],
   "mesh" : 80},
  {
   "name" : "CA00AAA21434_(26799980_5)_(18)_cb",
   "matrix" : [
    0.999999701977,
    0.000001945887,
    -0.000000296023,
    0,
    -0.00000090428,
    0.587787091732,
    0.809015631676,
    0,
    0.000001748252,
    -0.809015572071,
    0.587787091732,
    0,
    0,
    0,
    0,
    1],
   "mesh" : 81},
  {
   "name" : "CA00AAA21434_(26799980_5)_(19)_cc",
   "matrix" : [
    0.999999880791,
    0.000002444331,
    0.000001885429,
    0,
    -0.000003085732,
    0.80901825428,
    0.587783455849,
    0,
    -0.000000088609,
    -0.587783455849,
    0.80901825428,
    0,
    0,
    0,
    0,
    1],
   "mesh" : 82},
  {
   "name" : "CA00AAA21434_(26799980_5)_(20)_cd",
   "matrix" : [
    0.999999582767,
    0.000003719134,
    0.0000039804,
    0,
    -0.00000476711,
    0.951057434082,
    0.309013754129,
    0,
    -0.000002636327,
    -0.309013754129,
    0.951057493687,
    0,
    0,
    0,
    0,
    1],
   "mesh" : 83},
  {
   "name" : "CA00AAA21429_(26799980_BEARING__ROLLER__TAPERED__30210)_(1)_b5",
   "matrix" : [
    0.005295591508,
    999.99976156698,
    0,
    0,
    -0.005960466312,
    -0.000059573791,
    -1000.000238419,
    0,
    -999.999999986292,
    0.005235987756,
    0.006020069,
    0,
    296.997840990918,
    -103.252371542474,
    -595.500409603,
    1],
   "children" : [
    62,
    63,
    64,
    65,
    66,
    67,
    68,
    69,
    70,
    71,
    72,
    73,
    74,
    75,
    76,
    77,
    78,
    79,
    80,
    81,
    82,
    83,
    84,
    85]},
  {
   "name" : "CA00AAA21430_(26799980_1)_(2)_cf",
   "mesh" : 84},
  {
   "name" : "CA00AAA21431_(26799980_2)_(2)_d0",
   "mesh" : 85},
  {
   "name" : "CA00AAA21432_(26799980_3)_(2)_d1",
   "mesh" : 86},
  {
   "name" : "CA00AAA21433_(26799980_4)_(2)_d2",
   "mesh" : 87},
  {
   "name" : "CA00AAA21434_(26799980_5)_(21)_d3",
   "mesh" : 88},
  {
   "name" : "CA00AAA21434_(26799980_5)_(22)_d4",
   "matrix" : [
    0.999999582767,
    -0.000003719134,
    0.0000039804,
    0,
    0.00000476711,
    0.951057434082,
    -0.309013754129,
    0,
    -0.000002636327,
    0.309013754129,
    0.951057493687,
    0,
    0,
    0,
    0,
    1],
   "mesh" : 89},
  {
   "name" : "CA00AAA21434_(26799980_5)_(23)_d5",
   "matrix" : [
    0.999999880791,
    -0.000002444331,
    0.000001885429,
    0,
    0.000003085732,
    0.80901825428,
    -0.587783455849,
    0,
    -0.000000088609,
    0.587783455849,
    0.80901825428,
    0,
    0,
    0,
    0,
    1],
   "mesh" : 90},
  {
   "name" : "CA00AAA21434_(26799980_5)_(24)_d6",
   "matrix" : [
    0.999999701977,
    -0.000001945887,
    -0.000000296023,
    0,
    0.00000090428,
    0.587787091732,
    -0.809015631676,
    0,
    0.000001748252,
    0.809015572071,
    0.587787091732,
    0,
    0,
    0,
    0,
    1],
   "mesh" : 91},
  {
   "name" : "CA00AAA21434_(26799980_5)_(25)_d7",
   "matrix" : [
    0.999999880791,
    -0.00000293764,
    0.000002473752,
    0,
    0.000003260466,
    0.309020221233,
    -0.951055467129,
    0,
    0.000002029419,
    0.951055586338,
    0.309020251036,
    0,
    0,
    0,
    0,
    1],
   "mesh" : 92},
  {
   "name" : "CA00AAA21434_(26799980_5)_(26)_d8",
   "matrix" : [
    0.999999701977,
    -0.000003024951,
    0.00000664492,
    0,
    0.00000664493,
    0.000002920627,
    -0.999999940395,
    0,
    0.000003024931,
    0.999999880791,
    0.000002920627,
    0,
    0,
    0,
    0,
    1],
   "mesh" : 93},
  {
   "name" : "CA00AAA21434_(26799980_5)_(27)_d9",
   "matrix" : [
    0.999999821186,
    -0.000003112237,
    0.000002473751,
    0,
    0.000001390953,
    -0.309014558792,
    -0.951057314873,
    0,
    0.000003724341,
    0.951057434082,
    -0.309014588594,
    0,
    0,
    0,
    0,
    1],
   "mesh" : 94},
  {
   "name" : "CA00AAA21434_(26799980_5)_(28)_da",
   "matrix" : [
    0.999999701977,
    -0.000004103972,
    -0.00000029603,
    0,
    -0.000002651736,
    -0.587781965733,
    -0.809019207954,
    0,
    0.000003146192,
    0.809019267559,
    -0.587782025337,
    0,
    0,
    0,
    0,
    1],
   "mesh" : 95},
  {
   "name" : "CA00AAA21434_(26799980_5)_(29)_db",
   "matrix" : [
    0.999999761581,
    -0.000003605541,
    0.000001885425,
    0,
    -0.000001808706,
    -0.809014678001,
    -0.587788522243,
    0,
    0.000003644633,
    0.587788462639,
    -0.809014558792,
    0,
    0,
    0,
    0,
    1],
   "mesh" : 96},
  {
   "name" : "CA00AAA21434_(26799980_5)_(30)_dc",
   "matrix" : [
    0.999999701977,
    -0.000002330749,
    0.000003980406,
    0,
    -0.00000098665,
    -0.951055586338,
    -0.309019476175,
    0,
    0.000004505835,
    0.309019446373,
    -0.951055467129,
    0,
    0,
    0,
    0,
    1],
   "mesh" : 97},
  {
   "name" : "CA00AAA21434_(26799980_5)_(31)_dd",
   "matrix" : [
    1.000000238419,
    -0.000006049864,
    -0.000000000018,
    0,
    -0.000006049862,
    -1,
    -0.00000611146,
    0,
    0.000000000019,
    0.000006111459,
    -0.999999761581,
    0,
    0,
    0,
    0,
    1],
   "mesh" : 98},
  {
   "name" : "CA00AAA21434_(26799980_5)_(32)_de",
   "matrix" : [
    0.999999761581,
    -0.000002436418,
    0.000003452519,
    0,
    -0.000003384053,
    -0.95105701685,
    0.309014946222,
    0,
    0.000002530654,
    -0.309014976025,
    -0.951057076454,
    0,
    0,
    0,
    0,
    1],
   "mesh" : 99},
  {
   "name" : "CA00AAA21434_(26799980_5)_(33)_df",
   "matrix" : [
    1.000000119209,
    -0.000003809321,
    0.000002625267,
    0,
    -0.000004624898,
    -0.809018850327,
    0.587782680988,
    0,
    -0.000000115162,
    -0.587782561779,
    -0.809018731117,
    0,
    0,
    0,
    0,
    1],
   "mesh" : 100},
  {
   "name" : "CA00AAA21434_(26799980_5)_(34)_e0",
   "matrix" : [
    0.999999701977,
    -0.000004530416,
    0.000002535765,
    0,
    -0.000004714399,
    -0.587788879871,
    0.809014260769,
    0,
    -0.000002174678,
    -0.809014320374,
    -0.587788879871,
    0,
    0,
    0,
    0,
    1],
   "mesh" : 101},
  {
   "name" : "CA00AAA21434_(26799980_5)_(35)_e1",
   "matrix" : [
    0.999999761581,
    -0.000000755567,
    0.000001948258,
    0,
    -0.000002086387,
    -0.309018135071,
    0.951056182384,
    0,
    -0.000000116539,
    -0.951056182384,
    -0.309018135071,
    0,
    0,
    0,
    0,
    1],
   "mesh" : 102},
  {
   "name" : "CA00AAA21434_(26799980_5)_(36)_e2",
   "matrix" : [
    1.000000119209,
    -0.000001232296,
    0.000003024936,
    0,
    -0.000003024937,
    -0.000001311302,
    0.999999940395,
    0,
    -0.000001232292,
    -0.999999821186,
    -0.000001311302,
    0,
    0,
    0,
    0,
    1],
   "mesh" : 103},
  {
   "name" : "CA00AAA21434_(26799980_5)_(37)_e3",
   "matrix" : [
    0.999999761581,
    -0.000005294306,
    0.000001948244,
    0,
    -0.000000216887,
    0.309012413025,
    0.951058030128,
    0,
    -0.000005637224,
    -0.951057970524,
    0.309012383223,
    0,
    0,
    0,
    0,
    1],
   "mesh" : 104},
  {
   "name" : "CA00AAA21434_(26799980_5)_(38)_e4",
   "matrix" : [
    0.999999761581,
    -0.00000151946,
    0.000002535774,
    0,
    -0.000001158373,
    0.587783753872,
    0.809017896652,
    0,
    -0.000002719758,
    -0.809017956257,
    0.587783753872,
    0,
    0,
    0,
    0,
    1],
   "mesh" : 105},
  {
   "name" : "CA00AAA21434_(26799980_5)_(39)_e5",
   "matrix" : [
    0.999999880791,
    -0.000002240558,
    0.000002625271,
    0,
    0.000000269544,
    0.809015274048,
    0.587787568569,
    0,
    -0.000003440857,
    -0.587787568569,
    0.809015274048,
    0,
    0,
    0,
    0,
    1],
   "mesh" : 106},
  {
   "name" : "CA00AAA21434_(26799980_5)_(40)_e6",
   "matrix" : [
    0.999999761581,
    -0.000003613466,
    0.000003452516,
    0,
    0.000002369707,
    0.95105522871,
    0.309020757675,
    0,
    -0.000004400171,
    -0.309020787477,
    0.951055288315,
    0,
    0,
    0,
    0,
    1],
   "mesh" : 107},
  {
   "name" : "CA00AAA21429_(26799980_BEARING__ROLLER__TAPERED__30210)_(2)_ce",
   "matrix" : [
    0.00087348762,
    -1000.000119227281,
    0.006198883,
    0,
    0.006198914989,
    0.006109443543,
    1000.000119209,
    0,
    -1000.000119227749,
    -0.00096289462,
    0.006109476,
    0,
    296.998192443894,
    49.247598505776,
    -595.50088644,
    1],
   "children" : [
    87,
    88,
    89,
    90,
    91,
    92,
    93,
    94,
    95,
    96,
    97,
    98,
    99,
    100,
    101,
    102,
    103,
    104,
    105,
    106,
    107,
    108,
    109,
    110]},
  {
   "name" : "CA00AAA00546_(4966240_NUT__BEARING_LOCK__M95X13)_e7",
   "matrix" : [
    0.005295591508,
    999.99976156698,
    0,
    0,
    -0.005960466312,
    -0.000059573791,
    -1000.000238419,
    0,
    -999.999999986292,
    0.005235987756,
    0.006020069,
    0,
    296.997840990918,
    -103.252371542474,
    -595.500409603,
    1],
   "mesh" : 108},
  {
   "name" : "CA00AAA25606_(5104408_WASHER__THRUST)_(1)_f3",
   "matrix" : [
    0.000003039836,
    0.999999642372,
    0.00000302493,
    0,
    -0.999999821186,
    0.000003039836,
    0.00000664493,
    0,
    0.000006644921,
    -0.000003024951,
    0.999999940395,
    0,
    0,
    0,
    0,
    1],
   "mesh" : 109},
  {
   "name" : "CA00AAA25606_(5104408_WASHER__THRUST)_(2)_f4",
   "matrix" : [
    -0.00000488758,
    -0.999999821186,
    -0.00000481757,
    0,
    1.000000119209,
    -0.000004887581,
    -0.000003024948,
    0,
    0.000003024925,
    -0.000004817584,
    0.999999940395,
    0,
    0,
    0,
    0,
    1],
   "mesh" : 110},
  {
   "name" : "CA00AAA25605_(5103612_PIN__DIFFERENTIAL)_f5",
   "matrix" : [
    -0.00000488758,
    -0.999999821186,
    -0.00000481757,
    0,
    1.000000119209,
    -0.000004887581,
    -0.000003024948,
    0,
    0.000003024925,
    -0.000004817584,
    0.999999940395,
    0,
    0,
    0,
    0,
    1],
   "mesh" : 111},
  {
   "name" : "CA00AAA25633_(5167694_WASHER__THRUST__SIDE_GEAR)_(1)_f6",
   "matrix" : [
    0.999999701977,
    -0.00000664492,
    -0.000003024951,
    0,
    -0.000003024931,
    0.000002920627,
    -0.999999940395,
    0,
    0.00000664493,
    0.999999880791,
    0.000002920627,
    0,
    0.000000135135,
    -0.000000128639,
    0.043599996716,
    1],
   "mesh" : 112},
  {
   "name" : "CA00AAA25633_(5167694_WASHER__THRUST__SIDE_GEAR)_(2)_f7",
   "matrix" : [
    -0.999999761581,
    0.000003078319,
    0.000001178915,
    0,
    0.000001178901,
    -0.000004887582,
    1.000000238419,
    0,
    0.000003078325,
    0.999999940395,
    0.000004768371,
    0,
    -0.000000135135,
    0.000000128639,
    -0.043599996716,
    1],
   "mesh" : 113},
  {
   "name" : "CA00AAA25658_(5173242_PIN__STRAIGHT)_f8",
   "matrix" : [
    -0.999999761581,
    0.000003078319,
    0.000001178915,
    0,
    0.000001178901,
    -0.000004887582,
    1.000000238419,
    0,
    0.000003078325,
    0.999999940395,
    0.000004768371,
    0,
    -0.000000257582,
    -0.054999899119,
    -0.030750168487,
    1],
   "mesh" : 114},
  {
   "name" : "CA00AAA57589_(5174802_DIFFERENTIAL__HOUSING)_f9",
   "matrix" : [
    0,
    0.000006020068,
    -0.999999761581,
    0,
    -1,
    0,
    -0.000000059605,
    0,
    0.000000059605,
    1.000000238419,
    0.000005960466,
    0,
    0,
    0,
    0,
    1],
   "mesh" : 115},
  {
   "name" : "C00000026978_(13807870_HEX_SOCKET_SETSCREW_W/FCE_M8X14)_fa",
   "matrix" : [
    0,
    0.000006020068,
    -0.999999761581,
    0,
    -1,
    0,
    -0.000000059605,
    0,
    0.000000059605,
    1.000000238419,
    0.000005960466,
    0,
    -0.000000023575,
    -0.055000118911,
    0.044749822468,
    1],
   "mesh" : 116},
  {
   "name" : "CA00AAA25634_(5167717_PINION__BEVEL)_(1)_fd",
   "matrix" : [
    0,
    0.000006020068,
    -0.999999761581,
    0,
    -1,
    0,
    -0.000000059605,
    0,
    0.000000059605,
    1.000000238419,
    0.000005960466,
    0,
    -0.000000130176,
    0.000000123918,
    -0.041999995708,
    1],
   "mesh" : 117},
  {
   "name" : "CA00AAA25634_(5167717_PINION__BEVEL)_(2)_fe",
   "matrix" : [
    0.000005960463,
    -0.000000059605,
    0.999999761581,
    0,
    1,
    0,
    -0.000006020069,
    0,
    -0.000000059605,
    1.000000238419,
    0,
    0,
    0.000000130176,
    -0.000000123918,
    0.041999991983,
    1],
   "mesh" : 118},
  {
   "name" : "CA00AAA25588_(4987111_PINION__BEVEL)_(1)_ff",
   "matrix" : [
    0.99756360054,
    -0.000004133205,
    -0.069759517908,
    0,
    -0.000004260241,
    -1.000000119209,
    -0.000001672258,
    0,
    -0.069759532809,
    0.000001965376,
    -0.997564077377,
    0,
    0.000000140559,
    0.047639988363,
    0.000000147657,
    1],
   "mesh" : 119},
  {
   "name" : "CA00AAA25588_(4987111_PINION__BEVEL)_(2)_100",
   "matrix" : [
    -0.997564077377,
    0.000003241429,
    -0.069753363729,
    0,
    0.00000303873,
    1.000000119209,
    0.000003012073,
    0,
    0.069753371179,
    0.000002792774,
    -0.997564256191,
    0,
    -0.000000140559,
    -0.047639988363,
    -0.000000147657,
    1],
   "mesh" : 120},
  {
   "name" : "CA00AAA00657_(87523074_DIFFERENTIAL_ASSY__F/ORG___REVACYCLE)_fc",
   "children" : [
    121,
    122,
    123,
    124]},
  {
   "name" : "CA00AAA31608_(87550440_GEAR__PLANETARY__DIFFERENTIAL)_(1)_102",
   "matrix" : [
    0.000002861022,
    0.999999880791,
    0.000003069639,
    0,
    0.000000566244,
    -0.00000333786,
    1.000000119209,
    0,
    1,
    -0.000003039837,
    -0.000000715256,
    0,
    -0.000000130176,
    0.000000123918,
    -0.041999995708,
    1],
   "mesh" : 121},
  {
   "name" : "CA00AAA31608_(87550440_GEAR__PLANETARY__DIFFERENTIAL)_(2)_103",
   "matrix" : [
    0.000002980232,
    0.999999761581,
    0.000002980232,
    0,
    -0.000002980232,
    0.000002980232,
    -0.999999940395,
    0,
    -0.999999940395,
    0.000002980232,
    0.000002980232,
    0,
    0.000000130176,
    -0.000000123918,
    0.041999991983,
    1],
   "mesh" : 122},
  {
   "name" : "CA00AAA59497_(84160426_GEAR__SATELLITE__DIFFERENTIAL)_(1)_104",
   "matrix" : [
    -0.838672459126,
    0.00000433868,
    -0.544635474682,
    0,
    0.000003309052,
    1.000000119209,
    0.00000287067,
    0,
    0.544635593891,
    0.000000605325,
    -0.838672637939,
    0,
    -0.000000144571,
    -0.048999987543,
    -0.000000151872,
    1],
   "mesh" : 123},
  {
   "name" : "CA00AAA59497_(84160426_GEAR__SATELLITE__DIFFERENTIAL)_(2)_105",
   "matrix" : [
    0.838668525219,
    0.000000222124,
    -0.54464173317,
    0,
    -0.000002436813,
    -0.999999940395,
    -0.000004160171,
    0,
    -0.544641911983,
    0.000004816197,
    -0.838668942451,
    0,
    0.000000144571,
    0.048999987543,
    0.000000151872,
    1],
   "mesh" : 124},
  {
   "name" : "CA00AAA31606_(87550438_GEAR__SET_DIFFERENTIAL__F/ORG)_101",
   "children" : [
    126,
    127,
    128,
    129]},
  {
   "name" : "CA00AAA45939_(84147178_DIFFERENTIAL__GEARS__F/ORG_)_fb",
   "children" : [
    125,
    130]},
  {
   "name" : "CA00AAA00655_(5167879_DIFFERENTIAL_ASSY)_f2",
   "matrix" : [
    -0.000000013677,
    -0.006049864,
    -1000.000238419,
    0,
    1000.000000018292,
    0.000875472244,
    -0.000000019,
    0,
    0.000875472492,
    -999.999761599292,
    0.006049861,
    0,
    296.998031617896,
    -27.002388381427,
    -595.500648022,
    1],
   "children" : [
    113,
    114,
    115,
    116,
    117,
    118,
    119,
    120,
    131]},
  {
   "name" : "CA00AAA64027_(5167764_COUPLING__SPLINED)_2f8",
   "matrix" : [
    -0.003024950225,
    -0.004817570161,
    -1000.000119209,
    0,
    -0.000348407444,
