{
 "asset" : {
  "generator" : "Generated by Pixyz Studio 2022.1",
  "version" : "2.0"},
 "nodes" : [
  {
   "name" : "CA00AAA93643_(84160095_BOX__FRONT_AXLE)_54",
   "mesh" : 0},
  {
   "name" : "CA00AAA00602_(5174376_PIN__DOWEL__LOCATION_AXLE_CASING)_(1)_55",
   "matrix" : [
    1,
    0,
    0,
    0,
    0,
    1,
    0,
    0,
    0,
    0,
    1,
    0,
    -0.144999697804,
    0.090000391006,
    -0.000000183878,
    1],
   "mesh" : 1},
  {
   "name" : "CA00AAA00602_(5174376_PIN__DOWEL__LOCATION_AXLE_CASING)_(2)_56",
   "matrix" : [
    1,
    0,
    0,
    0,
    0,
    1,
    0,
    0,
    0,
    0,
    1,
    0,
    0.145000264049,
    0.08999954164,
    0.000000714957,
    1],
   "mesh" : 2},
  {
   "name" : "CA00AAA93655_(84160101_BOX__FRONT_AXLE_ASSY)_53",
   "matrix" : [
    -0.000006198883,
    -0.000006109476,
    -1.000000119209,
    0,
    -1.000000119209,
    -0.000006198883,
    0.000006109476,
    0,
    -0.000006109476,
    1.000000119209,
    -0.000006198883,
    0,
    0.595500767231,
    -0.296998083591,
    -0.000000836455,
    1],
   "children" : [
    0,
    1,
    2]},
  {
   "name" : "C00000006298_(14274631_BOLT__LOCK__M12X1_25X35_10_9_ZND)_(1)_5b",
   "matrix" : [
    1,
    0,
    0,
    0,
    0,
    1,
    0,
    0,
    0,
    0,
    1,
    0,
    0.504500985146,
    -0.224998012185,
    0.133999198675,
    1],
   "mesh" : 3},
  {
   "name" : "C00000006298_(14274631_BOLT__LOCK__M12X1_25X35_10_9_ZND)_(2)_5c",
   "matrix" : [
    1,
    0,
    0,
    0,
    0,
    1,
    0,
    0,
    0,
    0,
    1,
    0,
    0.504501104355,
    -0.261997997761,
    0.140999302268,
    1],
   "mesh" : 4},
  {
   "name" : "C00000006298_(14274631_BOLT__LOCK__M12X1_25X35_10_9_ZND)_(3)_5d",
   "matrix" : [
    1,
    0,
    0,
    0,
    0,
    1,
    0,
    0,
    0,
    0,
    1,
    0,
    0.504501342773,
    -0.331997990608,
    0.140999525785,
    1],
   "mesh" : 5},
  {
   "name" : "C00000006298_(14274631_BOLT__LOCK__M12X1_25X35_10_9_ZND)_(4)_5e",
   "matrix" : [
    1,
    0,
    0,
    0,
    0,
    1,
    0,
    0,
    0,
    0,
    1,
    0,
    0.504501402378,
    -0.368998020887,
    0.13399964571,
    1],
   "mesh" : 6},
  {
   "name" : "C00000006298_(14274631_BOLT__LOCK__M12X1_25X35_10_9_ZND)_(5)_5f",
   "matrix" : [
    1,
    0,
    0,
    0,
    0,
    1,
    0,
    0,
    0,
    0,
    1,
    0,
    0.504501342773,
    -0.386998087168,
    0.096999697387,
    1],
   "mesh" : 7},
  {
   "name" : "C00000006298_(14274631_BOLT__LOCK__M12X1_25X35_10_9_ZND)_(6)_60",
   "matrix" : [
    1,
    0,
    0,
    0,
    0,
    1,
    0,
    0,
    0,
    0,
    1,
    0,
    0.504500806332,
    -0.206998124719,
    0.096999138594,
    1],
   "mesh" : 8},
  {
   "name" : "C00000006298_(14274631_BOLT__LOCK__M12X1_25X35_10_9_ZND)_(7)_61",
   "matrix" : [
    1,
    0,
    0,
    0,
    0,
    1,
    0,
    0,
    0,
    0,
    1,
    0,
    0.504500508308,
    -0.201998412609,
    -0.000000862411,
    1],
   "mesh" : 9},
  {
   "name" : "C00000006298_(14274631_BOLT__LOCK__M12X1_25X35_10_9_ZND)_(8)_62",
   "matrix" : [
    1,
    0,
    0,
    0,
    0,
    1,
    0,
    0,
    0,
    0,
    1,
    0,
    0.504500210285,
    -0.206998690963,
    -0.097000837326,
    1],
   "mesh" : 10},
  {
   "name" : "C00000006298_(14274631_BOLT__LOCK__M12X1_25X35_10_9_ZND)_(9)_63",
   "matrix" : [
    1,
    0,
    0,
    0,
    0,
    1,
    0,
    0,
    0,
    0,
    1,
    0,
    0.504500150681,
    -0.224998816848,
    -0.134000778198,
    1],
   "mesh" : 11},
  {
   "name" : "C00000006298_(14274631_BOLT__LOCK__M12X1_25X35_10_9_ZND)_(10)_64",
   "matrix" : [
    1,
    0,
    0,
    0,
    0,
    1,
    0,
    0,
    0,
    0,
    1,
    0,
    0.50450026989,
    -0.261998832226,
    -0.141000673175,
    1],
   "mesh" : 12},
  {
   "name" : "C00000006298_(14274631_BOLT__LOCK__M12X1_25X35_10_9_ZND)_(11)_65",
   "matrix" : [
    1,
    0,
    0,
    0,
    0,
    1,
    0,
    0,
    0,
    0,
    1,
    0,
    0.504500448704,
    -0.331998825073,
    -0.141000449657,
    1],
   "mesh" : 13},
  {
   "name" : "C00000006298_(14274631_BOLT__LOCK__M12X1_25X35_10_9_ZND)_(12)_66",
   "matrix" : [
    1,
    0,
    0,
    0,
    0,
    1,
    0,
    0,
    0,
    0,
    1,
    0,
    0.504500567913,
    -0.368998795748,
    -0.134000331163,
    1],
   "mesh" : 14},
  {
   "name" : "C00000006298_(14274631_BOLT__LOCK__M12X1_25X35_10_9_ZND)_(13)_67",
   "matrix" : [
    1,
    0,
    0,
    0,
    0,
    1,
    0,
    0,
    0,
    0,
    1,
    0,
    0.504500746727,
    -0.386998683214,
    -0.097000278533,
    1],
   "mesh" : 15},
  {
   "name" : "C00000006298_(14274631_BOLT__LOCK__M12X1_25X35_10_9_ZND)_(14)_68",
   "matrix" : [
    1,
    0,
    0,
    0,
    0,
    1,
    0,
    0,
    0,
    0,
    1,
    0,
    0.50450104475,
    -0.391998380423,
    -0.000000273519,
    1],
   "mesh" : 16},
  {
   "name" : "CA00AAX76238_(16326234_BOLT__LOCK__M12X1_25X30_10R_DAC)_(1)_99",
   "matrix" : [
    -0.025444975123,
    0.013271565549,
    0.999587655067,
    0,
    0.999675989151,
    0.000003755092,
    0.025447305292,
    0,
    0.000334054203,
    0.999911785126,
    -0.01326727774,
    0,
    0.614089787006,
    -0.342074066401,
    -0.672521650791,
    1],
   "mesh" : 17},
  {
   "name" : "CA00AAX76238_(16326234_BOLT__LOCK__M12X1_25X30_10R_DAC)_(2)_9a",
   "matrix" : [
    -0.025444975123,
    0.013271565549,
    0.999587655067,
    0,
    0.999675989151,
    0.000003755092,
    0.025447305292,
    0,
    0.000334054203,
    0.999911785126,
    -0.01326727774,
    0,
    0.558395683765,
    -0.290096253157,
    -0.674629688263,
    1],
   "mesh" : 18},
  {
   "name" : "CA00AAX76238_(16326234_BOLT__LOCK__M12X1_25X30_10R_DAC)_(3)_9b",
   "matrix" : [
    -0.025444975123,
    0.013271565549,
    0.999587655067,
    0,
    0.999675989151,
    0.000003755092,
    0.025447305292,
    0,
    0.000334054203,
    0.999911785126,
    -0.01326727774,
    0,
    0.631263613701,
    -0.267825990915,
    -0.673070967197,
    1],
   "mesh" : 19},
  {
   "name" : "CA00AAX76238_(16326234_BOLT__LOCK__M12X1_25X30_10R_DAC)_(4)_9c",
   "matrix" : [
    -0.003034831258,
    0.017184643075,
    -0.999848127365,
    0,
    -0.000003891997,
    0.99985229969,
    0.017184725031,
    0,
    0.999995350838,
    0.000056042329,
    -0.003034233581,
    0,
    0.629893839359,
    -0.272601008415,
    0.673847913742,
    1],
   "mesh" : 20},
  {
   "name" : "CA00AAX76238_(16326234_BOLT__LOCK__M12X1_25X30_10R_DAC)_(5)_9d",
   "matrix" : [
    -0.003034831258,
    0.017184643075,
    -0.999848127365,
    0,
    -0.000003891997,
    0.99985229969,
    0.017184725031,
    0,
    0.999995350838,
    0.000056042329,
    -0.003034233581,
    0,
    0.603826999664,
    -0.344205081463,
    0.672697246075,
    1],
   "mesh" : 21},
  {
   "name" : "CA00AAX76238_(16326234_BOLT__LOCK__M12X1_25X30_10R_DAC)_(6)_9e",
   "matrix" : [
    -0.003034831258,
    0.017184643075,
    -0.999848127365,
    0,
    -0.000003891997,
    0.99985229969,
    0.017184725031,
    0,
    0.999995350838,
    0.000056042329,
    -0.003034233581,
    0,
    0.55484187603,
    -0.285835236311,
    0.673848211765,
    1],
   "mesh" : 22},
  {
   "name" : "CA00AAA37159_(5122548_BKDN1)_(1)_a4",
   "mesh" : 23},
  {
   "name" : "CA00AAA46931_(5122548_BKDN2)_(1)_a5",
   "mesh" : 24},
  {
   "name" : "CA00AAA37158_(5122548_SEAL__SINGL_LIP__50X62X7)_(1)_a3",
   "matrix" : [
    -0.984806656837,
    -0.173653289676,
    0.0000008028,
    0,
    0.172167763114,
    -0.976382613182,
    -0.130521073937,
    0,
    0.02266619727,
    -0.128537878394,
    0.991445541382,
    0,
    0.60927259922,
    -0.375110417604,
    -0.457942605019,
    1],
   "children" : [
    24,
    25]},
  {
   "name" : "CA00AAA37159_(5122548_BKDN1)_(2)_a7",
   "mesh" : 25},
  {
   "name" : "CA00AAA46931_(5122548_BKDN2)_(2)_a8",
   "mesh" : 26},
  {
   "name" : "CA00AAA37158_(5122548_SEAL__SINGL_LIP__50X62X7)_(2)_a6",
   "matrix" : [
    0.984807431698,
    0.17364923656,
    -0.000001681968,
    0,
    -0.172163486481,
    0.976382613182,
    0.130524769425,
    0,
    0.022667169571,
    -0.128541484475,
    0.991445064545,
    0,
    0.581726253033,
    -0.218888476491,
    -0.437058985233,
    1],
   "children" : [
    27,
    28]},
  {
   "name" : "CA00AAA37159_(5122548_BKDN1)_(3)_aa",
   "mesh" : 27},
  {
   "name" : "CA00AAA46931_(5122548_BKDN2)_(3)_ab",
   "mesh" : 28},
  {
   "name" : "CA00AAA37158_(5122548_SEAL__SINGL_LIP__50X62X7)_(3)_a9",
   "matrix" : [
    -0.984807431698,
    -0.17365001142,
    0.000003376975,
    0,
    0.172164842486,
    -0.976382136345,
    0.130527883768,
    0,
    -0.022662879899,
    0.128545433283,
    0.991444885731,
    0,
    0.609275400639,
    -0.375107735395,
    0.457941353321,
    1],
   "children" : [
    30,
    31]},
  {
   "name" : "CA00AAA37159_(5122548_BKDN1)_(4)_ad",
   "mesh" : 29},
  {
   "name" : "CA00AAA46931_(5122548_BKDN2)_(4)_ae",
   "mesh" : 30},
  {
   "name" : "CA00AAA37158_(5122548_SEAL__SINGL_LIP__50X62X7)_(4)_ac",
   "matrix" : [
    0.984806597233,
    0.173653110862,
    -0.000005105509,
    0,
    -0.172168061137,
    0.976380944252,
    -0.130530372262,
    0,
    -0.02266202867,
    0.128548115492,
    0.991444289684,
    0,
    0.581728994846,
    -0.218885883689,
    0.437056899071,
    1],
   "children" : [
    33,
    34]},
  {
   "name" : "CA00AAA21022_(87371275_BUSHING)_(1)_ea",
   "matrix" : [
    1,
    0,
    0,
    0,
    0,
    1,
    0,
    0,
    0,
    0,
    1,
    0,
    0.595499575138,
    -0.29699921608,
    -0.380500763655,
    1],
   "mesh" : 31},
  {
   "name" : "CA00AAA21022_(87371275_BUSHING)_(2)_eb",
   "matrix" : [
    -1.000000238419,
    -0.000006049864,
    0.000006111462,
    0,
    -0.000006049861,
    0.999999761581,
    0.000000000018,
    0,
    -0.00000611146,
    -0.000000000019,
    -1,
    0,
    0.595501899719,
    -0.296996951103,
    0.380499094725,
    1],
   "mesh" : 32},
  {
   "name" : "CA00AAB01040_(14464980_O-RING__REPLACED_BY_86977781)_(1)_ec",
   "matrix" : [
    1,
    0,
    0,
    0,
    0,
    1,
    0,
    0,
    0,
    0,
    1,
    0,
    0.595499575138,
    -0.296999186277,
    -0.371265798807,
    1],
   "mesh" : 33},
  {
   "name" : "CA00AAB01040_(14464980_O-RING__REPLACED_BY_86977781)_(2)_ed",
   "matrix" : [
    -1.000000238419,
    -0.000006049864,
    0.000006111462,
    0,
    -0.000006049861,
    0.999999761581,
    0.000000000018,
    0,
    -0.00000611146,
    -0.000000000019,
    -1,
    0,
    0.595501899719,
    -0.296996980906,
    0.37176412344,
    1],
   "mesh" : 34},
  {
   "name" : "CA00AAA21021_(87316865_SET_SCREW)_(1)_ee",
   "matrix" : [
    0.984806656837,
    0.173651888967,
    -0.000005737583,
    0,
    -0.173651948571,
    0.984807014465,
    -0.000004327682,
    0,
    0.000004898904,
    0.000005258275,
    0.999999880791,
    0,
    0.580392479897,
    -0.211321204901,
    -0.354501008987,
    1],
   "mesh" : 35},
  {
   "name" : "CA00AAA21021_(87316865_SET_SCREW)_(2)_ef",
   "matrix" : [
    0.984806656837,
    0.173651888967,
    -0.000005737583,
    0,
    -0.173651948571,
    0.984807014465,
    -0.000004327682,
    0,
    0.000004898904,
    0.000005258275,
    0.999999880791,
    0,
    0.580394685268,
    -0.211319118738,
    0.354498922825,
    1],
   "mesh" : 36},
  {
   "name" : "CA00AAS32718_(24903780_BKDN1)_(1)_107",
   "mesh" : 37},
  {
   "name" : "CA00AAS32719_(24903780_BKDN2)_(1)_108",
   "mesh" : 38},
  {
   "name" : "CA00AAS32720_(24903780_BKDN3)_(1)_109",
   "mesh" : 39},
  {
   "name" : "CA00AAS32721_(24903780_BKDN4)_(1)_10a",
   "mesh" : 40},
  {
   "name" : "CA00AAS32722_(24903780_BKDN5)_(1)_10b",
   "mesh" : 41},
  {
   "name" : "CA00AAS32722_(24903780_BKDN5)_(2)_10c",
   "matrix" : [
    0.999999880791,
    -0.000000926033,
    0.000003282132,
    0,
    0.000001941569,
    0.94581669569,
    -0.324700921774,
    0,
    -0.000002803612,
    0.324700951576,
    0.945816755295,
    0,
    0,
    0,
    0,
    1],
   "mesh" : 42},
  {
   "name" : "CA00AAS32722_(24903780_BKDN5)_(3)_10d",
   "matrix" : [
    0.999999880791,
    -0.000001945953,
    0.000005271396,
    0,
    0.000004773394,
    0.78913962841,
    -0.614214122295,
    0,
    -0.000002964635,
    0.614214003086,
    0.789139449596,
    0,
    0.000000974799,
    -0.000000173367,
    -0.000000128334,
    1],
   "mesh" : 43},
  {
   "name" : "CA00AAS32722_(24903780_BKDN5)_(4)_10e",
   "matrix" : [
    0.999999880791,
    -0.000000733369,
    0.000005230684,
    0,
    0.000004780072,
    0.546946763992,
    -0.83716738224,
    0,
    -0.000002246953,
    0.83716750145,
    0.546946823597,
    0,
    0,
    0,
    0,
    1],
   "mesh" : 44},
  {
   "name" : "CA00AAS32722_(24903780_BKDN5)_(5)_10f",
   "matrix" : [
    0.999999821186,
    0.000000270807,
    -0.000001829979,
    0,
    -0.000001840462,
    0.245484948158,
    -0.969400405884,
    0,
    0.000000186712,
    0.969400405884,
    0.245484948158,
    0,
    0,
    0,
    0,
    1],
   "mesh" : 45},
  {
   "name" : "CA00AAS32722_(24903780_BKDN5)_(6)_110",
   "matrix" : [
    0.999999880791,
    0.000000045515,
    -0.00000018601,
    0,
    -0.000000181616,
    -0.082580432296,
    -0.996584236622,
    0,
    -0.00000006072,
    0.996584415436,
    -0.082580447197,
    0,
    0.000000974799,
    -0.000000173367,
    -0.000000128334,
    1],
   "mesh" : 46},
  {
   "name" : "CA00AAS32722_(24903780_BKDN5)_(7)_111",
   "matrix" : [
    0.999999880791,
    0.000000410382,
    0.000001686108,
    0,
    0.000001708941,
    -0.401696622372,
    -0.915772497654,
    0,
    0.000000301488,
    0.915772676468,
    -0.401696681976,
    0,
    0.000000974799,
    -0.000000173367,
    -0.000000128334,
    1],
   "mesh" : 47},
  {
   "name" : "CA00AAS32722_(24903780_BKDN5)_(8)_112",
   "matrix" : [
    0.999999761581,
    -0.000001028696,
    -0.000001923669,
    0,
    -0.000002112005,
    -0.677282392979,
    -0.735723078251,
    0,
    -0.000000546032,
    0.735723137856,
    -0.677282452583,
    0,
    0.000000974799,
    -0.000000173367,
    -0.000000128334,
    1],
   "mesh" : 48},
  {
   "name" : "CA00AAS32722_(24903780_BKDN5)_(9)_113",
   "matrix" : [
    0.999999761581,
    0.000002328888,
    0.000004621438,
    0,
    0.000004247757,
    -0.879474043846,
    -0.475947022438,
    0,
    0.000002956008,
    0.475947082043,
    -0.879474163055,
    0,
    0.000000974799,
    -0.000000173367,
    -0.000000128334,
    1],
   "mesh" : 49},
  {
   "name" : "CA00AAS32722_(24903780_BKDN5)_(10)_114",
   "matrix" : [
    0.999999821186,
    0.000001385546,
    0.000002271388,
    0,
    0.000001740504,
    -0.98636174202,
    -0.16459274292,
    0,
    0.000002012359,
    0.164592757821,
    -0.986361861229,
    0,
    0.000000974799,
    -0.000000173367,
    -0.000000128334,
    1],
   "mesh" : 50},
  {
   "name" : "CA00AAS32722_(24903780_BKDN5)_(11)_115",
   "matrix" : [
    1,
    -0.000002169104,
    -0.000001197508,
    0,
    -0.000001942415,
    -0.986360907555,
    0.164595782757,
    0,
    -0.000001538201,
    -0.164595872164,
    -0.986361503601,
    0,
    0.000000974799,
    -0.000000173367,
    -0.000000128334,
    1],
   "mesh" : 51},
  {
   "name" : "CA00AAS32722_(24903780_BKDN5)_(12)_116",
   "matrix" : [
    0.999999880791,
    0.000003943364,
    0.000002938203,
    0,
    0.000002069646,
    -0.879472732544,
    0.475949048996,
    0,
    0.000004460911,
    -0.475949168205,
    -0.879472970963,
    0,
    0.000000974799,
    -0.000000173367,
    -0.000000128334,
    1],
   "mesh" : 52},
  {
   "name" : "CA00AAS32722_(24903780_BKDN5)_(13)_117",
   "matrix" : [
    0.999999880791,
    0.000000764205,
    0.000000950889,
    0,
    -0.000000182011,
    -0.677280426025,
    0.735724747181,
    0,
    0.000001206264,
    -0.73572486639,
    -0.677280545235,
    0,
    0.000000974799,
    -0.000000173367,
    -0.000000128334,
    1],
   "mesh" : 53},
  {
   "name" : "CA00AAS32722_(24903780_BKDN5)_(14)_118",
   "matrix" : [
    0.999999761581,
    -0.000004628679,
    -0.000000202513,
    0,
    -0.000001673861,
    -0.401694953442,
    0.915773451328,
    0,
    -0.00000432017,
    -0.915773510933,
    -0.401694983244,
    0,
    0,
    0,
    0,
    1],
   "mesh" : 54},
  {
   "name" : "CA00AAS32722_(24903780_BKDN5)_(15)_119",
   "matrix" : [
    0.999999880791,
    -0.000002377212,
    0.000000620455,
    0,
    -0.000000814641,
    -0.082578167319,
    0.996584415436,
    0,
    -0.000002317857,
    -0.99658459425,
    -0.08257818222,
    0,
    0,
    0,
    0,
    1],
   "mesh" : 55},
  {
   "name" : "CA00AAS32722_(24903780_BKDN5)_(16)_11a",
   "matrix" : [
    1.000000357628,
    -0.000001805748,
    0.000000880016,
    0,
    -0.000000409802,
    0.245485842228,
    0.96940022707,
    0,
    -0.000001966522,
    -0.969400167465,
    0.245485827327,
    0,
    0,
    0,
    0,
    1],
   "mesh" : 56},
  {
   "name" : "CA00AAS32722_(24903780_BKDN5)_(17)_11b",
   "matrix" : [
    0.999999701977,
    -0.00000331226,
    0.000001671832,
    0,
    0.000000412041,
    0.546949803829,
    0.837165236473,
    0,
    -0.000003687319,
    -0.837165355682,
    0.546949863434,
    0,
    0,
    0,
    0,
    1],
   "mesh" : 57},
  {
   "name" : "CA00AAS32722_(24903780_BKDN5)_(18)_11c",
   "matrix" : [
    0.999999821186,
    -0.000001141754,
    0.000001168479,
    0,
    0.000000183314,
    0.789142012596,
    0.614210546017,
    0,
    -0.000001623373,
    -0.614210605621,
    0.789142131805,
    0,
    0.000000974799,
    -0.000000173367,
    -0.000000128334,
    1],
   "mesh" : 58},
  {
   "name" : "CA00AAS32722_(24903780_BKDN5)_(19)_11d",
   "matrix" : [
    0.999999880791,
    0.00000085359,
    0.000001015156,
    0,
    -0.00000113696,
    0.945817410946,
    0.324698597193,
    0,
    -0.000000682992,
    -0.324698626995,
    0.945817530155,
    0,
    0,
    0,
    0,
    1],
   "mesh" : 59},
  {
   "name" : "CA00AAA37412_(24903780_BEARING__ROLLER__TAPERED)_(1)_106",
   "matrix" : [
    -0.172165244818,
    0.976382434368,
    0.13052302599,
    0,
    -0.984807372093,
    -0.173651352525,
    0.000004544855,
    0,
    0.022669933736,
    -0.128539264202,
    0.991445302963,
    0,
    0.584481239319,
    -0.234511449933,
    -0.439146995544,
    1],
   "children" : [
    42,
    43,
    44,
    45,
    46,
    47,
    48,
    49,
    50,
    51,
    52,
    53,
    54,
    55,
    56,
    57,
    58,
    59,
    60,
    61,
    62,
    63,
    64]},
  {
   "name" : "CA00AAS32718_(24903780_BKDN1)_(2)_11f",
   "mesh" : 60},
  {
   "name" : "CA00AAS32719_(24903780_BKDN2)_(2)_120",
   "mesh" : 61},
  {
   "name" : "CA00AAS32720_(24903780_BKDN3)_(2)_121",
   "mesh" : 62},
  {
   "name" : "CA00AAS32721_(24903780_BKDN4)_(2)_122",
   "mesh" : 63},
  {
   "name" : "CA00AAS32722_(24903780_BKDN5)_(20)_123",
   "mesh" : 64},
  {
   "name" : "CA00AAS32722_(24903780_BKDN5)_(21)_124",
   "matrix" : [
    0.999999761581,
    0.000000511352,
    -0.000000606496,
    0,
    -0.000000680574,
    0.945817351341,
    -0.324698656797,
    0,
    0.0000004076,
    0.3246986866,
    0.945817410946,
    0,
    0,
    0,
    0,
    1],
   "mesh" : 65},
  {
   "name" : "CA00AAS32722_(24903780_BKDN5)_(22)_125",
   "matrix" : [
    0.999999880791,
    0.000000105159,
    -0.000001067987,
    0,
    -0.00000073896,
    0.789137363434,
    -0.614216566086,
    0,
    0.000000778198,
    0.614216506481,
    0.789137363434,
    0,
    0.000000960249,
    -0.000000170779,
    0.000000126419,
    1],
   "mesh" : 66},
  {
   "name" : "CA00AAS32722_(24903780_BKDN5)_(23)_126",
   "matrix" : [
    1,
    0.000000005953,
    -0.00000030646,
    0,
    -0.000000259814,
    0.546946644783,
    -0.837167441845,
    0,
    0.000000162633,
    0.837167322636,
    0.546946585178,
    0,
    0,
    0,
    0,
    1],
   "mesh" : 67},
  {
   "name" : "CA00AAS32722_(24903780_BKDN5)_(24)_127",
   "matrix" : [
    0.999999940395,
    0.000000146792,
    -0.000000443961,
    0,
    -0.000000466412,
    0.245483607054,
    -0.969400644302,
    0,
    -0.000000033315,
    0.969400644302,
    0.245483607054,
    0,
    0.000000174449,
    0.000000997885,
    0.000000022967,
    1],
   "mesh" : 68},
  {
   "name" : "CA00AAS32722_(24903780_BKDN5)_(25)_128",
   "matrix" : [
    0.999999761581,
    0.000000257133,
    -0.000000102028,
    0,
    -0.000000080446,
    -0.082577578723,
    -0.99658459425,
    0,
    -0.00000026468,
    0.996584534645,
    -0.082577578723,
    0,
    0,
    0,
    0,
    1],
   "mesh" : 69},
  {
   "name" : "CA00AAS32722_(24903780_BKDN5)_(26)_129",
   "matrix" : [
    1,
    0.000000744981,
    -0.000000404746,
    0,
    -0.000000071399,
    -0.401695817709,
    -0.915772974491,
    0,
    -0.000000844818,
    0.915772914886,
    -0.401695787907,
    0,
    0,
    0,
    0,
    1],
   "mesh" : 70},
  {
   "name" : "CA00AAS32722_(24903780_BKDN5)_(27)_12a",
   "matrix" : [
    0.999999940395,
    0.000000605317,
    -0.000000506889,
    0,
    0.00000003704,
    -0.677281796932,
    -0.735723555088,
    0,
    -0.000000788653,
    0.735723495483,
    -0.677281737328,
    0,
    0,
    0,
    0,
    1],
   "mesh" : 71},
  {
   "name" : "CA00AAS32722_(24903780_BKDN5)_(28)_12b",
   "matrix" : [
    1.000000119209,
    -0.000000307738,
    0.000000049244,
    0,
    -0.00000024721,
    -0.879473924637,
    -0.475946724415,
    0,
    0.000000189776,
    0.475946754217,
    -0.879473984241,
    0,
    0,
    0,
    0,
    1],
   "mesh" : 72},
  {
   "name" : "CA00AAS32722_(24903780_BKDN5)_(29)_12c",
   "matrix" : [
    0.999999880791,
    0.000000090621,
    -0.000000367211,
    0,
    0.000000028944,
    -0.986361384392,
    -0.164593428373,
    0,
    -0.000000377118,
    0.164593428373,
    -0.986361384392,
    0,
    0,
    0,
    0,
    1],
   "mesh" : 73},
  {
   "name" : "CA00AAS32722_(24903780_BKDN5)_(30)_12d",
   "matrix" : [
    0.999999761581,
    0.000000492427,
    -0.000000478864,
    0,
    0.000000564529,
    -0.986361324787,
    0.164593875408,
    0,
    -0.000000391282,
    -0.164593890309,
    -0.986361384392,
    0,
    0,
    0,
    0,
    1],
   "mesh" : 74},
  {
   "name" : "CA00AAS32722_(24903780_BKDN5)_(31)_12e",
   "matrix" : [
    0.999999761581,
    0.000000780761,
    0.000000206167,
    0,
    0.000000588537,
    -0.879475593567,
    0.475943565369,
    0,
    0.000000552917,
    -0.475943565369,
    -0.879475593567,
    0,
    0,
    0,
    0,
    1],
   "mesh" : 75},
  {
   "name" : "CA00AAS32722_(24903780_BKDN5)_(32)_12f",
   "matrix" : [
    0.999999940395,
    0.000000032444,
    -0.000000022023,
    0,
    0.000000038176,
    -0.677281558514,
    0.735723853111,
    0,
    0.000000008954,
    -0.735723853111,
    -0.677281558514,
    0,
    0.000000960249,
    -0.000000170779,
    0.000000126419,
    1],
   "mesh" : 76},
  {
   "name" : "CA00AAS32722_(24903780_BKDN5)_(33)_130",
   "matrix" : [
    0.999999761581,
    0.000000219827,
    -0.000000320619,
    0,
    0.000000381918,
    -0.401695817709,
    0.915772974491,
    0,
    0.00000007252,
    -0.915772914886,
    -0.401695787907,
    0,
    0,
    0,
    0,
    1],
   "mesh" : 77},
  {
   "name" : "CA00AAS32722_(24903780_BKDN5)_(34)_131",
   "matrix" : [
    0.999999761581,
    0.000000748388,
    -0.000001316101,
    0,
    0.000001373408,
    -0.082580082119,
    0.996584355831,
    0,
    0.000000637149,
    -0.996584355831,
    -0.082580082119,
    0,
    0.000000960249,
    -0.000000170779,
    0.000000126419,
    1],
   "mesh" : 78},
  {
   "name" : "CA00AAS32722_(24903780_BKDN5)_(35)_132",
   "matrix" : [
    0.999999821186,
    -0.000000031539,
    0.000000035827,
    0,
    -0.000000026988,
    0.24548509717,
    0.969400167465,
    0,
    -0.000000039369,
    -0.969400167465,
    0.24548509717,
    0,
    0,
    0,
    0,
    1],
   "mesh" : 79},
  {
   "name" : "CA00AAS32722_(24903780_BKDN5)_(36)_133",
   "matrix" : [
    0.999999761581,
    0.000000341949,
    -0.000000149521,
    0,
    -0.000000061855,
    0.546948254108,
    0.837166309357,
    0,
    0.000000368049,
    -0.837166309357,
    0.546948254108,
    0,
    0.000000960249,
    -0.000000170779,
    0.000000126419,
    1],
   "mesh" : 80},
  {
   "name" : "CA00AAS32722_(24903780_BKDN5)_(37)_134",
   "matrix" : [
    0.999999940395,
    -0.000000154959,
    0.000000086724,
    0,
    0.000000069018,
    0.789140045643,
    0.614213109016,
    0,
    -0.000000163615,
    -0.614213049412,
    0.789140045643,
    0,
    0.000000960249,
    -0.000000170779,
    0.000000126419,
    1],
   "mesh" : 81},
  {
   "name" : "CA00AAS32722_(24903780_BKDN5)_(38)_135",
   "matrix" : [
    1,
    0.000000626412,
    -0.000000815104,
    0,
    -0.00000032781,
    0.945817828178,
    0.324697703123,
    0,
    0.000000974334,
    -0.324697673321,
    0.945817708969,
    0,
    0.000000960249,
    -0.000000170779,
    0.000000126419,
    1],
   "mesh" : 82},
  {
   "name" : "CA00AAA37412_(24903780_BEARING__ROLLER__TAPERED)_(2)_11e",
   "matrix" : [
    0.172164946795,
    -0.976382315159,
    -0.13052354753,
    0,
    0.984807372093,
    0.173650994897,
    -0.000003650785,
    0,
    0.022669110447,
    -0.128539934754,
    0.991445183754,
    0,
    0.606517493725,
    -0.359487444162,
    -0.455854654312,
    1],
   "children" : [
    66,
    67,
    68,
    69,
    70,
    71,
    72,
    73,
    74,
    75,
    76,
    77,
    78,
    79,
    80,
    81,
    82,
    83,
    84,
    85,
    86,
    87,
    88]},
  {
   "name" : "CA00AAS32718_(24903780_BKDN1)_(3)_137",
   "mesh" : 83},
  {
   "name" : "CA00AAS32719_(24903780_BKDN2)_(3)_138",
   "mesh" : 84},
  {
   "name" : "CA00AAS32720_(24903780_BKDN3)_(3)_139",
   "mesh" : 85},
  {
   "name" : "CA00AAS32721_(24903780_BKDN4)_(3)_13a",
   "mesh" : 86},
  {
   "name" : "CA00AAS32722_(24903780_BKDN5)_(39)_13b",
   "mesh" : 87},
  {
   "name" : "CA00AAS32722_(24903780_BKDN5)_(40)_13c",
   "matrix" : [
    0.999999642372,
    -0.000001814674,
    0.000002230092,
    0,
    0.000002440462,
    0.945816993713,
    -0.324700146914,
    0,
    -0.000001520035,
    0.324700146914,
    0.945816993713,
    0,
    0,
    0,
    0,
    1],
   "mesh" : 88},
  {
   "name" : "CA00AAS32722_(24903780_BKDN5)_(41)_13d",
   "matrix" : [
    0.999999940395,
    -0.000001107096,
    0.000001608318,
    0,
    0.000001861505,
    0.789139688015,
    -0.614213764668,
    0,
    -0.000000589194,
    0.614213764668,
    0.789139688015,
    0,
    0,
    0,
    0,
    1],
   "mesh" : 89},
  {
   "name" : "CA00AAS32722_(24903780_BKDN5)_(42)_13e",
   "matrix" : [
    1,
    -0.00000111387,
    0.000002120183,
    0,
    0.000002384175,
    0.546947956085,
    -0.83716660738,
    0,
    -0.000000227135,
    0.837166726589,
    0.54694801569,
    0,
    0,
    0,
    0,
    1],
   "mesh" : 90},
  {
   "name" : "CA00AAS32722_(24903780_BKDN5)_(43)_13f",
   "matrix" : [
    1,
    -0.000000945292,
    0.00000369589,
    0,
    0.000003814853,
    0.245485275984,
    -0.969400465488,
    0,
    0.00000000908,
    0.969400286674,
    0.24548523128,
    0,
    0,
    0,
    0,
    1],
   "mesh" : 91},
  {
   "name" : "CA00AAS32722_(24903780_BKDN5)_(44)_140",
   "matrix" : [
    1.000000357628,
    -0.000000282702,
    0.000004703478,
    0,
    0.000004664066,
    -0.082580447197,
    -0.996584415436,
    0,
    0.000000670151,
    0.996584355831,
    -0.082580439746,
    0,
    0,
    0,
    0,
    1],
   "mesh" : 92},
  {
   "name" : "CA00AAS32722_(24903780_BKDN5)_(45)_141",
   "matrix" : [
    1.000000357628,
    -0.000000544074,
    0.000000398303,
    0,
    0.000000146203,
    -0.401696205139,
    -0.915773034096,
    0,
    0.000000658245,
    0.915772974491,
    -0.401696175337,
    0,
    0,
    0,
    0,
    1],
   "mesh" : 93},
  {
   "name" : "CA00AAS32722_(24903780_BKDN5)_(46)_142",
   "matrix" : [
    0.999999940395,
    -0.000000056771,
    0.000002179657,
    0,
    0.000001565175,
    -0.677282452583,
    -0.735723137856,
    0,
    0.000001518012,
    0.73572319746,
    -0.677282512188,
    0,
    0,
    0,
    0,
    1],
   "mesh" : 94},
  {
   "name" : "CA00AAS32722_(24903780_BKDN5)_(47)_143",
   "matrix" : [
    1,
    0.000001556524,
    0.000003220918,
    0,
    0.000002901908,
    -0.879474520683,
    -0.475946694613,
    0,
    0.000002091892,
    0.475946456194,
    -0.879474043846,
    0,
    0,
    0,
    0,
    1],
   "mesh" : 95},
  {
   "name" : "CA00AAS32722_(24903780_BKDN5)_(48)_144",
   "matrix" : [
    0.999999880791,
    0.000000915535,
    0.000002702086,
    0,
    0.000001347792,
    -0.98636174202,
    -0.164592504501,
    0,
    0.000002514545,
    0.164592519403,
    -0.986361861229,
    0,
    0,
    0,
    0,
    1],
   "mesh" : 96},
  {
   "name" : "CA00AAS32722_(24903780_BKDN5)_(49)_145",
   "matrix" : [
    0.999999880791,
    -0.000003678122,
    -0.000001224308,
    0,
    -0.000003426442,
    -0.986361265182,
    0.164595320821,
    0,
    -0.000001813012,
    -0.164595335722,
    -0.986361384392,
    0,
    0,
    0,
    0,
    1],
   "mesh" : 97},
  {
   "name" : "CA00AAS32722_(24903780_BKDN5)_(50)_146",
   "matrix" : [
    1.000000119209,
    -0.000001130461,
    0.000000636622,
    0,
    -0.000001297209,
    -0.879473567009,
    0.475947856903,
    0,
    0.000000021852,
    -0.475947767496,
    -0.879473388195,
    0,
    0,
    0,
    0,
    1],
   "mesh" : 98},
  {
   "name" : "CA00AAS32722_(24903780_BKDN5)_(51)_147",
   "matrix" : [
    1.000000357628,
    -0.000001909609,
    0.000000006332,
    0,
    -0.000001298001,
    -0.6772813797,
    0.73572409153,
    0,
    -0.000001400656,
    -0.735723972321,
    -0.67728126049,
    0,
    0.000000974799,
    -0.000000173367,
    0.000000128335,
    1],
   "mesh" : 99},
  {
   "name" : "CA00AAS32722_(24903780_BKDN5)_(52)_148",
   "matrix" : [
    0.999999880791,
    0.000003361316,
    0.000001315918,
    0,
    0.000000145135,
    -0.401693463326,
    0.915774166584,
    0,
    0.000003606804,
    -0.915774285793,
    -0.40169352293,
    0,
    0.000000974799,
    -0.000000173367,
    0.000000128335,
    1],
   "mesh" : 100},
  {
   "name" : "CA00AAS32722_(24903780_BKDN5)_(53)_149",
   "matrix" : [
    1,
    -0.000002271278,
    0.00000038704,
    0,
    -0.000000573278,
    -0.082578808069,
    0.996584832668,
    0,
    -0.000002231559,
    -0.996584296227,
    -0.082578763366,
    0,
    0.000000974799,
    -0.000000173367,
    0.000000128335,
    1],
   "mesh" : 101},
  {
   "name" : "CA00AAS32722_(24903780_BKDN5)_(54)_14a",
   "matrix" : [
    1,
    0.000000178561,
    0.000000397285,
    0,
    -0.000000428962,
    0.245486050844,
    0.969399750233,
    0,
    0.000000075569,
    -0.969399988651,
    0.245486110449,
    0,
    0.000000974799,
    -0.000000173367,
    0.000000128335,
    1],
   "mesh" : 102},
  {
   "name" : "CA00AAS32722_(24903780_BKDN5)_(55)_14b",
   "matrix" : [
    0.999999880791,
    -0.000001631012,
    0.000000903585,
    0,
    0.000000135628,
    0.546948194504,
    0.837166428566,
    0,
    -0.000001859643,
    -0.837166547775,
    0.546948254108,
    0,
    0.000000974799,
    -0.000000173367,
    0.000000128335,
    1],
   "mesh" : 103},
  {
   "name" : "CA00AAS32722_(24903780_BKDN5)_(56)_14c",
   "matrix" : [
    1.000000119209,
    -0.000001081085,
    0.000000638266,
    0,
    0.000000461097,
    0.789141058922,
    0.614212036133,
    0,
    -0.000001167697,
    -0.614211976528,
    0.789140939713,
    0,
    0,
    0,
    0,
    1],
   "mesh" : 104},
  {
   "name" : "CA00AAS32722_(24903780_BKDN5)_(57)_14d",
   "matrix" : [
    0.999999821186,
    0.000002903693,
    -0.000001931969,
    0,
    -0.000002119054,
    0.945817232132,
    0.324699521065,
    0,
    0.000002770117,
    -0.324699521065,
    0.945817232132,
    0,
    0.000000974799,
    -0.000000173367,
    0.000000128335,
    1],
   "mesh" : 105},
  {
   "name" : "CA00AAA37412_(24903780_BEARING__ROLLER__TAPERED)_(3)_136",
   "matrix" : [
    -0.172166660428,
    0.97638130188,
    -0.130529016256,
    0,
    -0.984807133675,
    -0.17365193367,
    0.000004224479,
    0,
    -0.022662473843,
    0.128546640277,
    0.991444349289,
    0,
    0.584483921528,
    -0.234508857131,
    0.439144968987,
    1],
   "children" : [
    90,
    91,
    92,
    93,
    94,
    95,
    96,
    97,
    98,
    99,
    100,
    101,
    102,
    103,
    104,
    105,
    106,
    107,
    108,
    109,
    110,
    111,
    112]},
  {
   "name" : "CA00AAS32718_(24903780_BKDN1)_(4)_14f",
   "mesh" : 106},
  {
   "name" : "CA00AAS32719_(24903780_BKDN2)_(4)_150",
   "mesh" : 107},
  {
   "name" : "CA00AAS32720_(24903780_BKDN3)_(4)_151",
   "mesh" : 108},
  {
   "name" : "CA00AAS32721_(24903780_BKDN4)_(4)_152",
   "mesh" : 109},
  {
   "name" : "CA00AAS32722_(24903780_BKDN5)_(58)_153",
   "mesh" : 110},
  {
   "name" : "CA00AAS32722_(24903780_BKDN5)_(59)_154",
   "matrix" : [
    1.000000119209,
    0.000000761582,
    0.000000056425,
    0,
    -0.000000701995,
    0.94581580162,
    -0.324703484774,
    0,
    -0.000000300656,
    0.324703514576,
    0.945815861225,
    0,
    0,
    0,
    0,
    1],
   "mesh" : 111},
  {
   "name" : "CA00AAS32722_(24903780_BKDN5)_(60)_155",
   "matrix" : [
    1.000000357628,
    0.000000330929,
    -0.000000427295,
    0,
    -0.0000005236,
    0.789136707783,
    -0.614217638969,
    0,
    0.000000133932,
    0.614217698574,
    0.789136826992,
    0,
    0,
    0,
    0,
    1],
   "mesh" : 112},
  {
   "name" : "CA00AAS32722_(24903780_BKDN5)_(61)_156",
   "matrix" : [
    1,
    0.000000627496,
    0.000000120786,
    0,
    -0.000000242088,
    0.546945273876,
    -0.83716827631,
    0,
    -0.000000591383,
    0.83716827631,
    0.546945273876,
    0,
    0,
    0,
    0,
    1],
   "mesh" : 113},
  {
   "name" : "CA00AAS32722_(24903780_BKDN5)_(62)_157",
   "matrix" : [
    1.000000119209,
    0.000000519694,
    -0.000000051292,
    0,
    -0.000000177299,
    0.245482310653,
    -0.96940100193,
    0,
    -0.0000004912,
    0.96940100193,
    0.245482310653,
    0,
    0.000000174448,
    0.000000997885,
    -0.000000022969,
    1],
   "mesh" : 114},
  {
   "name" : "CA00AAS32722_(24903780_BKDN5)_(63)_158",
   "matrix" : [
    0.999999880791,
    0.000000338033,
    0.000000250398,
    0,
    0.000000277458,
    -0.082580916584,
    -0.996584296227,
    0,
    -0.0000003162,
    0.996584296227,
    -0.082580916584,
    0,
    0.00000096025,
    -0.000000170779,
    -0.000000126419,
    1],
   "mesh" : 115},
  {
   "name" : "CA00AAS32722_(24903780_BKDN5)_(64)_159",
   "matrix" : [
    1.000000357628,
    0.000000273248,
    0.000000469643,
    0,
    0.000000539849,
    -0.401693791151,
    -0.91577398777,
    0,
    -0.000000061581,
    0.915774047375,
    -0.401693820953,
    0,
    0.00000096025,
    -0.000000170779,
    -0.000000126419,
    1],
   "mesh" : 116},
  {
   "name" : "CA00AAS32722_(24903780_BKDN5)_(65)_15a",
   "matrix" : [
    0.999999940395,
    0.000000407198,
    -0.000000148878,
    0,
    0.000000166256,
    -0.677283942699,
    -0.735721588135,
    0,
    -0.000000400418,
    0.735721647739,
    -0.677284002304,
    0,
    0,
    0,
    0,
    1],
   "mesh" : 117},
  {
   "name" : "CA00AAS32722_(24903780_BKDN5)_(66)_15b",
   "matrix" : [
    1.000000357628,
    0.000000711933,
    -0.000000202892,
    0,
    0.000000529564,
    -0.87947678566,
    -0.475941538811,
    0,
    -0.000000517277,
    0.475941538811,
    -0.87947678566,
    0,
    0,
    0,
    0,
    1],
   "mesh" : 118},
  {
   "name" : "CA00AAS32722_(24903780_BKDN5)_(67)_15c",
   "matrix" : [
    1.000000238419,
    0.000000880229,
    0.000001059506,
    0,
    0.000001042613,
    -0.986361026764,
    -0.164595797658,
    0,
    0.000000900173,
    0.164595782757,
    -0.986360967159,
    0,
    0,
    0,
    0,
    1],
   "mesh" : 119},
  {
   "name" : "CA00AAS32722_(24903780_BKDN5)_(68)_15d",
   "matrix" : [
    1.000000119209,
    0.000000820878,
    0.000001039793,
    0,
    0.000000638541,
    -0.98636174202,
    0.164592042565,
    0,
    0.000001160722,
    -0.164592042565,
    -0.98636174202,
    0,
    0,
    0,
    0,
    1],
   "mesh" : 120},
  {
   "name" : "CA00AAS32722_(24903780_BKDN5)_(69)_15e",
   "matrix" : [
    1.000000119209,
    0.000000782461,
    0.000000780767,
    0,
    0.000000316551,
    -0.879473984241,
    0.475946754217,
    0,
    0.000001059074,
    -0.475946754217,
    -0.879473984241,
    0,
    0.00000096025,
    -0.000000170779,
    -0.000000126419,
    1],
   "mesh" : 121},
  {
   "name" : "CA00AAS32722_(24903780_BKDN5)_(70)_15f",
   "matrix" : [
    1.000000119209,
    0.000000527783,
    0.000000142438,
    0,
    0.000000252662,
    -0.677279472351,
    0.735725581646,
    0,
    0.000000484774,
    -0.735725641251,
    -0.677279531956,
    0,
    0.00000096025,
    -0.000000170779,
    -0.000000126419,
    1],
   "mesh" : 122},
  {
   "name" : "CA00AAS32722_(24903780_BKDN5)_(71)_160",
   "matrix" : [
    1,
    0.000000523427,
    0.000000332261,
    0,
    -0.000000094019,
    -0.401693195105,
    0.915774226189,
    0,
    0.000000612808,
    -0.915774166584,
    -0.401693165302,
    0,
    0,
    0,
    0,
    1],
   "mesh" : 123},
  {
   "name" : "CA00AAS32722_(24903780_BKDN5)_(72)_161",
   "matrix" : [
    1.000000119209,
    0.000000382129,
    0.000000145875,
    0,
    -0.000000113821,
    -0.082577228546,
    0.996584713459,
    0,
    0.00000039287,
    -0.996584653854,
    -0.082577221096,
    0,
    0,
    0,
    0,
    1],
   "mesh" : 124},
  {
   "name" : "CA00AAS32722_(24903780_BKDN5)_(73)_162",
   "matrix" : [
    1,
    0.000000467911,
    0.000000307909,
    0,
    -0.000000413353,
    0.245487436652,
    0.969399690628,
    0,
    0.000000378005,
    -0.969399750233,
    0.245487451553,
    0,
    0,
    0,
    0,
    1],
   "mesh" : 125},
  {
   "name" : "CA00AAS32722_(24903780_BKDN5)_(74)_163",
   "matrix" : [
    1.000000119209,
    0.000000240374,
    0.000000334226,
    0,
    -0.000000411275,
    0.546949863434,
    0.837165355682,
    0,
    0.000000018428,
    -0.837165355682,
    0.546949863434,
    0,
    0,
    0,
    0,
    1],
   "mesh" : 126},
  {
   "name" : "CA00AAS32722_(24903780_BKDN5)_(75)_164",
   "matrix" : [
    1,
    0.000000498662,
    0.000000570088,
    0,
    -0.000000743669,
    0.789142012596,
    0.614210784435,
    0,
    -0.000000143597,
    -0.614210724831,
    0.789141952991,
    0,
    0,
    0,
    0,
    1],
   "mesh" : 127},
  {
   "name" : "CA00AAS32722_(24903780_BKDN5)_(76)_165",
   "matrix" : [
    1.000000119209,
    0.000000936395,
    -0.0000001937,
    0,
    -0.000000822767,
    0.945819139481,
    0.324694007635,
    0,
    0.000000487247,
    -0.324693977833,
    0.945819079876,
    0,
    0,
    0,
    0,
    1],
   "mesh" : 128},
  {
   "name" : "CA00AAA37412_(24903780_BEARING__ROLLER__TAPERED)_(4)_14e",
   "matrix" : [
    0.172165289521,
    -0.976381480694,
    0.130528494716,
    0,
    0.984807193279,
    0.173650845885,
    -0.000001266599,
    0,
    -0.022665148601,
    0.1285456568,
    0.991444468498,
    0,
    0.606520295143,
    -0.359484761953,
    0.455853283405,
    1],
   "children" : [
    114,
    115,
    116,
    117,
    118,
    119,
    120,
    121,
    122,
    123,
    124,
    125,
    126,
    127,
    128,
    129,
    130,
    131,
    132,
    133,
    134,
    135,
    136]},
  {
   "name" : "CA00AAA00203_(5165271_PIN)_(1)_166",
   "matrix" : [
    -0.985068202019,
    -0.170649796724,
    -0.022807965055,
    0,
    -0.172167181969,
    0.976381659508,
    0.130525141954,
    0,
    -0.000004806555,
    0.132502898574,
    -0.991182863712,
    0,
    0.614695668221,
    -0.405866414309,
    -0.462054520845,
    1],
   "mesh" : 129},
  {
   "name" : "CA00AAA00203_(5165271_PIN)_(2)_167",
   "matrix" : [
    0.985068023205,
    0.170646756887,
    0.022808216512,
    0,
    0.172164306045,
    -0.976382732391,
